* Measurement data measured by REW V5.31.1
* Source: Headset (DS by VECLAN.COM), MICROPHONE (Master Volume), L, volume: 0.720. Timing signal peak level -16.1 dBFS, measurement signal peak level -16.1 dBFS
* Format: 2M Log Swept Sine, 1 sweep at -12.0 dBFS using an acoustic timing reference
* Dated: Jun 27, 2024 9:27:42 PM
* REW Settings:
*  C-weighting compensation: Off
*  Target level: 85.0 dB
* Note: ; Delay -0.0710 ms (-24 mm, -0.96 in) using estimated IR delay relative to Acoustic reference played from HEADPHONE R with no timing offset
* Measurement: KZ Merga R
* Smoothing: 1/24 octave
* Frequency Step: 1/48 octave
* Start Frequency: 1.000 Hz
*
* Freq(Hz), SPL(dB), Phase(degrees)
1.000000, 77.369, 120.1535
1.015000, 78.113, 119.5453
1.030000, 78.828, 118.9061
1.044000, 79.465, 118.2800
1.060000, 80.151, 117.5286
1.075000, 80.748, 116.7889
1.090000, 81.296, 116.0181
1.106000, 81.833, 115.1827
1.120000, 82.277, 114.4761
1.138000, 82.822, 113.6249
1.150000, 83.172, 113.0929
1.172000, 83.786, 112.1785
1.180000, 84.000, 111.8589
1.206000, 84.667, 110.8839
1.220000, 85.008, 110.3938
1.241000, 85.497, 109.6964
1.250000, 85.698, 109.4094
1.265000, 86.024, 108.9445
1.280000, 86.337, 108.4936
1.315000, 87.024, 107.4810
1.320000, 87.117, 107.3394
1.340000, 87.480, 106.7777
1.360000, 87.826, 106.2206
1.380000, 88.157, 105.6244
1.400000, 88.474, 105.0083
1.430000, 88.928, 104.0664
1.450000, 89.216, 103.4229
1.475000, 89.557, 102.6095
1.500000, 89.861, 101.8192
1.525000, 90.126, 101.0682
1.550000, 90.353, 100.3562
1.575000, 90.549, 99.6581
1.600000, 90.716, 98.9525
1.625000, 90.861, 98.2743
1.650000, 90.988, 97.6185
1.675000, 91.101, 96.9807
1.700000, 91.204, 96.3560
1.725000, 91.304, 95.7401
1.750000, 91.403, 95.1288
1.775000, 91.507, 94.5009
1.800000, 91.621, 93.8363
1.825000, 91.746, 93.1668
1.850000, 91.880, 92.4958
1.875000, 92.014, 91.8329
1.900000, 92.145, 91.1835
1.925000, 92.272, 90.5493
1.950000, 92.397, 89.9317
1.975000, 92.518, 89.3136
2.000000, 92.637, 88.6786
2.030000, 92.776, 87.9373
2.060000, 92.911, 87.2146
2.090000, 93.044, 86.5077
2.120000, 93.174, 85.8134
2.140000, 93.259, 85.3558
2.180000, 93.426, 84.4275
2.200000, 93.508, 83.9456
2.240000, 93.669, 82.9852
2.270000, 93.786, 82.2713
2.300000, 93.899, 81.5669
2.330000, 94.009, 80.8748
2.360000, 94.117, 80.1962
2.400000, 94.256, 79.2665
2.430000, 94.357, 78.5804
2.470000, 94.489, 77.6888
2.500000, 94.586, 77.0364
2.540000, 94.712, 76.1853
2.580000, 94.835, 75.3302
2.620000, 94.954, 74.4421
2.650000, 95.040, 73.7803
2.690000, 95.152, 72.9076
2.720000, 95.234, 72.2634
2.760000, 95.339, 71.4235
2.800000, 95.441, 70.5664
2.850000, 95.564, 69.5235
2.900000, 95.682, 68.5200
2.950000, 95.796, 67.5466
3.000000, 95.904, 66.5516
3.040000, 95.986, 65.7502
3.070000, 96.046, 65.1557
3.110000, 96.123, 64.3760
3.150000, 96.197, 63.6142
3.200000, 96.286, 62.6615
3.250000, 96.372, 61.7313
3.300000, 96.454, 60.8362
3.350000, 96.533, 59.9615
3.400000, 96.608, 59.0628
3.450000, 96.680, 58.1643
3.500000, 96.747, 57.2870
3.550000, 96.812, 56.4380
3.600000, 96.874, 55.5956
3.650000, 96.933, 54.7761
3.700000, 96.990, 53.9823
3.750000, 97.043, 53.2018
3.820000, 97.112, 52.0956
3.870000, 97.159, 51.3198
3.950000, 97.229, 50.1301
4.000000, 97.271, 49.4020
4.060000, 97.319, 48.5507
4.120000, 97.364, 47.7222
4.180000, 97.407, 46.9058
4.250000, 97.454, 45.9500
4.310000, 97.493, 45.1637
4.370000, 97.529, 44.4066
4.440000, 97.569, 43.5268
4.500000, 97.601, 42.7936
4.550000, 97.626, 42.1972
4.620000, 97.660, 41.3591
4.680000, 97.687, 40.6600
4.750000, 97.718, 39.8779
4.820000, 97.748, 39.1036
4.870000, 97.768, 38.5604
4.940000, 97.796, 37.8203
5.000000, 97.818, 37.1902
5.080000, 97.846, 36.3676
5.150000, 97.870, 35.6767
5.220000, 97.892, 34.9854
5.300000, 97.915, 34.2104
5.380000, 97.937, 33.4588
5.450000, 97.956, 32.8047
5.520000, 97.973, 32.1738
5.600000, 97.992, 31.4639
5.700000, 98.014, 30.5884
5.800000, 98.034, 29.7412
5.900000, 98.052, 28.9115
6.000000, 98.068, 28.1044
6.080000, 98.080, 27.4634
6.150000, 98.089, 26.9227
6.220000, 98.098, 26.3840
6.300000, 98.107, 25.7847
6.400000, 98.117, 25.0533
6.500000, 98.125, 24.3344
6.600000, 98.133, 23.6417
6.700000, 98.139, 22.9630
6.800000, 98.144, 22.3055
6.900000, 98.149, 21.6614
7.000000, 98.153, 21.0412
7.100000, 98.157, 20.4348
7.200000, 98.161, 19.8471
7.300000, 98.164, 19.2701
7.400000, 98.167, 18.7100
7.500000, 98.170, 18.1561
7.620000, 98.173, 17.5110
7.750000, 98.176, 16.8328
7.880000, 98.179, 16.1674
8.000000, 98.181, 15.5727
8.120000, 98.183, 14.9879
8.250000, 98.184, 14.3663
8.380000, 98.184, 13.7614
8.500000, 98.184, 13.2119
8.620000, 98.182, 12.6751
8.750000, 98.179, 12.1086
8.850000, 98.177, 11.6833
9.000000, 98.171, 11.0671
9.120000, 98.166, 10.5881
9.250000, 98.160, 10.0833
9.380000, 98.154, 9.5967
9.500000, 98.148, 9.1588
9.620000, 98.142, 8.7386
9.750000, 98.134, 8.2993
9.880000, 98.120, 7.8699
10.000000, 98.099, 7.4904
10.150000, 98.062, 6.9980
10.300000, 98.019, 6.5293
10.440000, 97.975, 6.1117
10.600000, 97.924, 5.6552
10.750000, 97.877, 5.2444
10.900000, 97.833, 4.8494
11.060000, 97.788, 4.4169
11.200000, 97.751, 4.0121
11.380000, 97.703, 3.5098
11.500000, 97.670, 3.1864
11.720000, 97.609, 2.6188
11.800000, 97.588, 2.4210
12.060000, 97.523, 1.7863
12.200000, 97.491, 1.4227
12.410000, 97.447, 0.9036
12.500000, 97.427, 0.6903
12.650000, 97.395, 0.3467
12.800000, 97.363, 0.0162
13.150000, 97.292, -0.7642
13.200000, 97.282, -0.8814
13.400000, 97.245, -1.3401
13.600000, 97.210, -1.7822
13.800000, 97.174, -2.2069
14.000000, 97.139, -2.6171
14.300000, 97.086, -3.2723
14.500000, 97.051, -3.6813
14.750000, 97.006, -4.1564
15.000000, 96.965, -4.5961
15.250000, 96.933, -5.0609
15.500000, 96.906, -5.5048
15.750000, 96.881, -5.9330
16.000000, 96.857, -6.3536
16.250000, 96.835, -6.8143
16.500000, 96.813, -7.2692
16.750000, 96.789, -7.7137
17.000000, 96.767, -8.1469
17.250000, 96.745, -8.5925
17.500000, 96.722, -9.0211
17.750000, 96.699, -9.4289
18.000000, 96.676, -9.8198
18.250000, 96.654, -10.2164
18.500000, 96.632, -10.5996
18.750000, 96.610, -10.9678
19.000000, 96.590, -11.3223
19.250000, 96.571, -11.6891
19.500000, 96.553, -12.0440
19.750000, 96.535, -12.3878
20.000000, 96.518, -12.7228
20.299999, 96.497, -13.1458
20.600000, 96.476, -13.5602
20.900000, 96.454, -13.9659
21.200001, 96.431, -14.3807
21.400000, 96.414, -14.6567
21.799999, 96.379, -15.1882
22.000000, 96.362, -15.4446
22.400000, 96.325, -15.9687
22.700001, 96.298, -16.3438
23.000000, 96.272, -16.7067
23.299999, 96.246, -17.0781
23.600000, 96.222, -17.4406
24.000000, 96.190, -17.9113
24.299999, 96.168, -18.2747
24.700001, 96.139, -18.7509
25.000000, 96.117, -19.1002
25.400000, 96.088, -19.5767
25.799999, 96.058, -20.0378
26.200001, 96.028, -20.4926
26.500000, 96.006, -20.8309
26.900000, 95.976, -21.2695
27.200001, 95.953, -21.5961
27.600000, 95.922, -22.0233
28.000000, 95.890, -22.4337
28.500000, 95.851, -22.9374
29.000000, 95.813, -23.4210
29.500000, 95.778, -23.9144
30.000000, 95.742, -24.4174
30.400000, 95.711, -24.8374
30.700001, 95.686, -25.1500
31.100000, 95.651, -25.5607
31.500000, 95.616, -25.9697
32.000000, 95.572, -26.4570
32.500000, 95.529, -26.9359
33.000000, 95.488, -27.3962
33.500000, 95.450, -27.8576
34.000000, 95.414, -28.3184
34.500000, 95.380, -28.7877
35.000000, 95.343, -29.2405
35.500000, 95.305, -29.6652
36.000000, 95.269, -30.0640
36.500000, 95.236, -30.4719
37.000000, 95.200, -30.8918
37.500000, 95.156, -31.2909
38.200001, 95.095, -31.7347
38.700001, 95.065, -32.0280
39.500000, 95.034, -32.6771
40.000000, 95.002, -33.1986
40.599998, 94.943, -33.8156
41.200001, 94.876, -34.3209
41.799999, 94.818, -34.7500
42.500000, 94.764, -35.2526
43.099998, 94.724, -35.7119
43.700001, 94.686, -36.1946
44.400002, 94.637, -36.7575
45.000000, 94.593, -37.2032
45.500000, 94.559, -37.5518
46.200001, 94.518, -38.0502
46.799999, 94.479, -38.5034
47.500000, 94.425, -38.9996
48.200001, 94.372, -39.4272
48.700001, 94.339, -39.7241
49.400002, 94.293, -40.1635
50.000000, 94.250, -40.5490
50.799999, 94.191, -41.0521
51.500000, 94.138, -41.4805
52.200001, 94.088, -41.8950
53.000000, 94.036, -42.3899
53.799999, 93.980, -42.9673
54.500000, 93.915, -43.4498
55.200001, 93.850, -43.8124
56.000000, 93.797, -44.1830
57.000000, 93.738, -44.7963
58.000000, 93.659, -45.3757
59.000000, 93.593, -45.8495
60.000000, 93.536, -46.4006
60.799999, 93.483, -46.8390
61.500000, 93.437, -47.1965
62.200001, 93.394, -47.5586
63.000000, 93.342, -47.9860
64.000000, 93.273, -48.5056
65.000000, 93.204, -49.0074
66.000000, 93.133, -49.4801
67.000000, 93.066, -49.9309
68.000000, 93.002, -50.3898
69.000000, 92.938, -50.8544
70.000000, 92.873, -51.3216
71.000000, 92.805, -51.7892
72.000000, 92.735, -52.2371
73.000000, 92.667, -52.6461
74.000000, 92.604, -53.0541
75.000000, 92.543, -53.4934
76.199997, 92.465, -54.0112
77.500000, 92.385, -54.5569
78.800003, 92.301, -55.1013
80.000000, 92.226, -55.5536
81.199997, 92.156, -56.0120
82.500000, 92.079, -56.5146
83.800003, 92.001, -57.0055
85.000000, 91.929, -57.4370
86.199997, 91.860, -57.8508
87.500000, 91.787, -58.3069
88.500000, 91.730, -58.6511
90.000000, 91.644, -59.1563
91.199997, 91.573, -59.5450
92.500000, 91.502, -59.9510
93.800003, 91.433, -60.3939
95.000000, 91.368, -60.7924
96.199997, 91.305, -61.1962
97.500000, 91.237, -61.6149
98.800003, 91.170, -62.0057
100.000000, 91.111, -62.3617
101.500000, 91.034, -62.8027
103.000000, 90.953, -63.2261
104.400002, 90.878, -63.6124
106.000000, 90.794, -64.0374
107.500000, 90.719, -64.4495
109.000000, 90.644, -64.8505
110.599998, 90.567, -65.2734
112.000000, 90.497, -65.6392
113.800003, 90.407, -66.1049
115.000000, 90.349, -66.4333
117.199997, 90.245, -67.0393
118.000000, 90.211, -67.2657
120.599998, 90.087, -67.9515
122.000000, 90.020, -68.2151
124.099998, 89.926, -68.6079
125.000000, 89.887, -68.7938
126.500000, 89.824, -69.1088
128.000000, 89.766, -69.4503
131.500000, 89.636, -70.2582
132.000000, 89.616, -70.3604
134.000000, 89.538, -70.7485
136.000000, 89.458, -71.1327
138.000000, 89.381, -71.4980
140.000000, 89.313, -71.8683
143.000000, 89.213, -72.4659
145.000000, 89.142, -72.8518
147.500000, 89.057, -73.2845
150.000000, 88.978, -73.7161
152.500000, 88.896, -74.1534
155.000000, 88.811, -74.5925
157.500000, 88.728, -75.0184
160.000000, 88.655, -75.4398
162.500000, 88.585, -75.8668
165.000000, 88.510, -76.2061
167.500000, 88.438, -76.5324
170.000000, 88.360, -76.8846
172.500000, 88.280, -77.1853
175.000000, 88.205, -77.4799
177.500000, 88.132, -77.8110
180.000000, 88.065, -78.1484
182.500000, 88.004, -78.4980
185.000000, 87.942, -78.8039
187.500000, 87.875, -79.0736
190.000000, 87.812, -79.3666
192.500000, 87.758, -79.7197
195.000000, 87.709, -80.0886
197.500000, 87.657, -80.4293
200.000000, 87.602, -80.7394
203.000000, 87.537, -81.0881
206.000000, 87.474, -81.4070
209.000000, 87.413, -81.7178
212.000000, 87.352, -82.0456
214.000000, 87.312, -82.2578
218.000000, 87.230, -82.7062
220.000000, 87.191, -82.9190
224.000000, 87.121, -83.3395
227.000000, 87.070, -83.6259
230.000000, 87.019, -83.9036
233.000000, 86.969, -84.1854
236.000000, 86.919, -84.4712
240.000000, 86.853, -84.8563
243.000000, 86.805, -85.1108
247.000000, 86.742, -85.4089
250.000000, 86.698, -85.6501
254.000000, 86.643, -85.9853
258.000000, 86.589, -86.3136
262.000000, 86.535, -86.6232
265.000000, 86.496, -86.8510
269.000000, 86.444, -87.1650
272.000000, 86.410, -87.3640
276.000000, 86.372, -87.6226
280.000000, 86.333, -87.9021
285.000000, 86.282, -88.2267
290.000000, 86.237, -88.5378
295.000000, 86.193, -88.8123
300.000000, 86.151, -89.0807
304.000000, 86.121, -89.3149
307.000000, 86.101, -89.4863
311.000000, 86.074, -89.7104
315.000000, 86.046, -89.9207
320.000000, 86.012, -90.1887
325.000000, 85.981, -90.4290
330.000000, 85.952, -90.6508
335.000000, 85.925, -90.8751
340.000000, 85.897, -91.0840
345.000000, 85.869, -91.2881
350.000000, 85.843, -91.4798
355.000000, 85.820, -91.6696
360.000000, 85.799, -91.8345
365.000000, 85.779, -92.0052
370.000000, 85.759, -92.1617
375.000000, 85.740, -92.3130
382.000000, 85.717, -92.5120
387.000000, 85.700, -92.6504
395.000000, 85.675, -92.8719
400.000000, 85.661, -92.9907
406.000000, 85.647, -93.1197
412.000000, 85.634, -93.2510
418.000000, 85.623, -93.3620
425.000000, 85.612, -93.4998
431.000000, 85.604, -93.6003
437.000000, 85.596, -93.6984
444.000000, 85.589, -93.7917
450.000000, 85.585, -93.8778
455.000000, 85.582, -93.9305
462.000000, 85.580, -94.0136
468.000000, 85.579, -94.0651
475.000000, 85.579, -94.1289
482.000000, 85.582, -94.1823
487.000000, 85.587, -94.2151
494.000000, 85.596, -94.2429
500.000000, 85.604, -94.2617
508.000000, 85.616, -94.2785
515.000000, 85.627, -94.2908
522.000000, 85.640, -94.2904
530.000000, 85.655, -94.2817
538.000000, 85.674, -94.2648
545.000000, 85.691, -94.2471
552.000000, 85.709, -94.2272
560.000000, 85.731, -94.1920
570.000000, 85.761, -94.1192
580.000000, 85.793, -94.0401
590.000000, 85.827, -93.9454
600.000000, 85.861, -93.8401
608.000000, 85.889, -93.7495
615.000000, 85.913, -93.6565
622.000000, 85.938, -93.5589
630.000000, 85.966, -93.4486
640.000000, 86.002, -93.3016
650.000000, 86.041, -93.1407
660.000000, 86.082, -92.9686
670.000000, 86.125, -92.7868
680.000000, 86.169, -92.6055
690.000000, 86.218, -92.3975
700.000000, 86.268, -92.1969
710.000000, 86.320, -91.9891
720.000000, 86.374, -91.7652
730.000000, 86.430, -91.5469
740.000000, 86.488, -91.3199
750.000000, 86.548, -91.0850
762.000000, 86.622, -90.8127
775.000000, 86.705, -90.5244
788.000000, 86.790, -90.2581
800.000000, 86.866, -90.0590
812.000000, 86.933, -89.8669
825.000000, 86.990, -89.5696
838.000000, 87.059, -89.0835
850.000000, 87.145, -88.6137
862.000000, 87.242, -88.2058
875.000000, 87.350, -87.8091
885.000000, 87.437, -87.5126
900.000000, 87.576, -87.1256
912.000000, 87.689, -86.8883
925.000000, 87.806, -86.6674
938.000000, 87.921, -86.4597
950.000000, 88.026, -86.2520
962.000000, 88.133, -86.0668
975.000000, 88.249, -85.8647
988.000000, 88.367, -85.6924
1000.000000, 88.478, -85.5552
1015.000000, 88.618, -85.4215
1030.000000, 88.756, -85.3405
1044.000000, 88.883, -85.3025
1060.000000, 89.027, -85.2883
1075.000000, 89.158, -85.3073
1090.000000, 89.292, -85.3696
1106.000000, 89.440, -85.4641
1120.000000, 89.568, -85.5708
1138.000000, 89.727, -85.7299
1150.000000, 89.829, -85.8510
1172.000000, 90.009, -86.0936
1180.000000, 90.071, -86.1949
1206.000000, 90.266, -86.5181
1220.000000, 90.367, -86.6801
1241.000000, 90.515, -86.9377
1250.000000, 90.576, -87.0426
1265.000000, 90.673, -87.2192
1280.000000, 90.766, -87.3837
1315.000000, 90.967, -87.6966
1320.000000, 90.994, -87.7341
1340.000000, 91.092, -87.8738
1360.000000, 91.170, -87.9604
1380.000000, 91.248, -88.0466
1400.000000, 91.337, -88.0896
1430.000000, 91.467, -88.0715
1450.000000, 91.550, -88.0337
1475.000000, 91.654, -87.9344
1500.000000, 91.758, -87.7921
1525.000000, 91.860, -87.6354
1550.000000, 91.961, -87.4218
1575.000000, 92.061, -87.1965
1600.000000, 92.162, -86.9408
1625.000000, 92.266, -86.6615
1650.000000, 92.373, -86.3690
1675.000000, 92.483, -86.0680
1700.000000, 92.596, -85.7522
1725.000000, 92.711, -85.4507
1750.000000, 92.828, -85.1224
1775.000000, 92.948, -84.8215
1800.000000, 93.070, -84.5161
1825.000000, 93.196, -84.2083
1850.000000, 93.323, -83.9177
1875.000000, 93.454, -83.6420
1900.000000, 93.586, -83.3740
1925.000000, 93.721, -83.1276
1950.000000, 93.858, -82.8929
1975.000000, 93.995, -82.6907
2000.000000, 94.135, -82.5082
2030.000000, 94.303, -82.3213
2060.000000, 94.472, -82.1652
2090.000000, 94.641, -82.0267
2120.000000, 94.811, -81.9441
2140.000000, 94.926, -81.9252
2180.000000, 95.154, -81.8918
2200.000000, 95.266, -81.9142
2240.000000, 95.486, -82.0093
2270.000000, 95.648, -82.1223
2300.000000, 95.808, -82.2855
2330.000000, 95.965, -82.4905
2360.000000, 96.118, -82.7278
2400.000000, 96.316, -83.1325
2430.000000, 96.458, -83.4730
2470.000000, 96.638, -83.9705
2500.000000, 96.766, -84.3947
2540.000000, 96.928, -85.0033
2580.000000, 97.076, -85.6576
2620.000000, 97.211, -86.3540
2650.000000, 97.302, -86.9020
2690.000000, 97.411, -87.6251
2720.000000, 97.482, -88.2039
2760.000000, 97.562, -88.9705
2800.000000, 97.625, -89.7323
2850.000000, 97.682, -90.6655
2900.000000, 97.716, -91.5383
2950.000000, 97.729, -92.3279
3000.000000, 97.727, -93.0344
3040.000000, 97.717, -93.5390
3070.000000, 97.705, -93.8931
3110.000000, 97.681, -94.3229
3150.000000, 97.649, -94.6955
3200.000000, 97.594, -95.0853
3250.000000, 97.525, -95.3406
3300.000000, 97.449, -95.3831
3350.000000, 97.381, -95.2409
3400.000000, 97.335, -94.9277
3450.000000, 97.322, -94.5747
3500.000000, 97.333, -94.2856
3550.000000, 97.354, -94.0594
3600.000000, 97.378, -93.9264
3650.000000, 97.403, -93.8216
3700.000000, 97.432, -93.7726
3750.000000, 97.458, -93.8148
3820.000000, 97.473, -94.0336
3870.000000, 97.458, -94.2593
3950.000000, 97.388, -94.5365
4000.000000, 97.328, -94.5771
4060.000000, 97.249, -94.5284
4120.000000, 97.171, -94.3694
4180.000000, 97.095, -94.1445
4250.000000, 97.012, -93.8574
4310.000000, 96.941, -93.5789
4370.000000, 96.868, -93.3339
4440.000000, 96.778, -93.0732
4500.000000, 96.693, -92.9547
4550.000000, 96.614, -92.8831
4620.000000, 96.480, -92.8748
4680.000000, 96.335, -92.8621
4750.000000, 96.126, -92.7557
4820.000000, 95.879, -92.3971
4870.000000, 95.690, -91.9278
4940.000000, 95.429, -90.9066
5000.000000, 95.227, -89.7888
5080.000000, 95.001, -88.1161
5150.000000, 94.840, -86.6272
5220.000000, 94.703, -85.1509
5300.000000, 94.562, -83.5773
5380.000000, 94.424, -82.0375
5450.000000, 94.302, -80.7200
5520.000000, 94.177, -79.3704
5600.000000, 94.034, -77.7324
5700.000000, 93.859, -75.5535
5800.000000, 93.697, -73.2350
5900.000000, 93.552, -70.7664
6000.000000, 93.429, -68.2391
6080.000000, 93.347, -66.1069
6150.000000, 93.290, -64.1887
6220.000000, 93.247, -62.2714
6300.000000, 93.216, -60.0027
6400.000000, 93.205, -57.1547
6500.000000, 93.229, -54.2775
6600.000000, 93.289, -51.4145
6700.000000, 93.388, -48.6014
6800.000000, 93.533, -45.8453
6900.000000, 93.745, -43.1777
7000.000000, 94.027, -40.6538
7100.000000, 94.367, -38.3545
7200.000000, 94.762, -36.3864
7300.000000, 95.209, -34.7944
7400.000000, 95.702, -33.7751
7500.000000, 96.231, -33.4281
7620.000000, 96.902, -34.1724
7750.000000, 97.603, -36.5966
7880.000000, 98.082, -40.8052
8000.000000, 98.239, -45.9694
8120.000000, 98.065, -51.6716
8250.000000, 97.492, -57.4370
8380.000000, 96.595, -61.7496
8500.000000, 95.587, -64.0325
8620.000000, 94.506, -64.5804
8750.000000, 93.331, -63.5275
8850.000000, 92.464, -61.6902
9000.000000, 91.263, -57.6758
9120.000000, 90.405, -53.6038
9250.000000, 89.589, -48.6534
9380.000000, 88.883, -43.2794
9500.000000, 88.318, -38.0909
9620.000000, 87.832, -32.6529
9750.000000, 87.397, -26.5587
9880.000000, 87.058, -20.3636
10000.000000, 86.826, -14.5272
10150.000000, 86.641, -7.2302
10300.000000, 86.571, 0.0189
10440.000000, 86.611, 6.7343
10600.000000, 86.786, 14.2241
10750.000000, 87.090, 21.0257
10900.000000, 87.548, 27.4017
11060.000000, 88.228, 33.5607
11200.000000, 89.003, 38.0947
11380.000000, 90.262, 41.9174
11500.000000, 91.245, 42.5849
11720.000000, 93.074, 38.0869
11800.000000, 93.606, 34.3871
12060.000000, 94.061, 17.0573
12200.000000, 93.322, 7.7864
12410.000000, 91.259, -1.0754
12500.000000, 90.215, -2.5551
12650.000000, 88.497, -2.3574
12800.000000, 86.928, 0.0576
13150.000000, 83.854, 11.2086
13200.000000, 83.485, 13.2518
13400.000000, 82.178, 22.0123
13600.000000, 81.113, 31.4826
13800.000000, 80.259, 41.2582
14000.000000, 79.573, 51.4008
14300.000000, 78.840, 67.5742
14500.000000, 78.592, 79.3524
14750.000000, 78.752, 95.6141
15000.000000, 79.915, 112.4872
15250.000000, 82.268, 123.8745
15500.000000, 84.867, 124.1251
15750.000000, 86.583, 115.3726
16000.000000, 87.015, 103.3061
16250.000000, 86.309, 92.6231
16500.000000, 84.856, 85.8853
16750.000000, 83.098, 83.7160
17000.000000, 81.358, 85.1620
17250.000000, 79.789, 88.9232
17500.000000, 78.429, 93.9928
17750.000000, 77.265, 99.6597
18000.000000, 76.262, 105.2377
18250.000000, 75.362, 110.2954
18500.000000, 74.531, 114.8036
18750.000000, 73.789, 119.1456
19000.000000, 73.103, 123.9381
19250.000000, 72.302, 129.7397
19500.000000, 71.215, 136.9263
19750.000000, 69.862, 145.5714
20000.000000, 68.344, 155.4826
20300.000000, 66.448, 168.9530
20600.000000, 64.752, -175.6414
20900.000000, 63.403, -159.7574
21200.000000, 62.282, -145.0911
21400.000000, 61.569, -136.3897
21800.000000, 59.602, -122.9539
22000.000000, 57.740, -118.2792
22400.000000, 51.184, -112.7911
22700.000000, 44.338, -111.8526
23000.000000, 37.311, -117.0737
23300.000000, 33.014, -76.9978
23600.000000, 31.690, -84.1996
24000.000000, 30.843, 60.3009
