FFT	AudioTools 	v36 iPhone battery  60%	5/6/23, 6:52 PM	Headset Microphone 1 High Range	FAF03ED9-F189-47F0-90CF-9DB4CBD13D28
Frequency	dB	Unweighted
19.5	70.7
19.8	70.8
20.1	71
20.3	71.1
20.6	71
20.9	71.1
21.2	71.2
21.6	71.5
21.9	71.4
22.2	71.5
22.5	71.6
22.8	71.7
23.2	71.5
23.5	71.5
23.8	71.8
24.2	71.9
24.5	71.9
24.9	71.9
25.3	72.2
25.6	72.3
26	72.4
26.4	72.4
26.8	72.5
27.2	72.7
27.5	72.7
28	72.8
28.4	72.9
28.8	72.9
29.2	72.8
29.6	72.8
30	73.1
30.5	73.1
30.9	73.1
31.4	73.1
31.8	73.2
32.3	73.2
32.8	73.2
33.2	73.2
33.7	73.3
34.2	73.4
34.7	73.4
35.2	73.5
35.7	73.5
36.2	73.6
36.8	73.5
37.3	73.5
37.9	73.6
38.4	73.7
39	73.7
39.5	73.7
40.1	73.7
40.7	73.7
41.3	73.5
41.9	73.5
42.5	73.6
43.1	73.8
43.7	73.8
44.4	73.8
45	73.8
45.7	73.7
46.3	73.6
47	73.7
47.7	73.9
48.4	74
49.1	73.8
49.8	73.8
50.5	73.9
51.3	74
52	74
52.8	73.9
53.5	73.9
54.3	73.7
55.1	73.6
55.9	73.6
56.7	73.7
57.5	73.8
58.4	73.7
59.2	73.6
60.1	73.6
61	73.6
61.8	73.3
62.7	73.3
63.7	73.2
64.6	73.3
65.5	73.1
66.5	73.1
67.4	73.1
68.4	73.2
69.4	73.1
70.4	73
71.5	72.9
72.5	72.9
73.5	72.8
74.6	72.7
75.7	72.6
76.8	72.6
77.9	72.5
79.1	72.5
80.2	72.4
81.4	72.2
82.6	72
83.8	71.9
85	71.9
86.2	71.8
87.5	71.7
88.7	71.7
90	71.6
91.3	71.4
92.7	71.3
94	71.2
95.4	71.1
96.8	70.9
98.2	70.7
99.6	70.7
101	70.5
103	70.5
104	70.4
106	70.4
107	70.4
109	70.2
110	70.1
112	70
113	69.9
115	69.7
117	69.6
118	69.5
120	69.4
122	69.4
124	69.1
125	68.9
127	68.9
129	68.9
131	68.8
133	68.6
135	68.4
137	68.2
139	68.1
141	68.1
143	68.1
145	68
147	67.8
149	67.7
151	67.5
154	67.4
156	67.3
158	67.2
160	67.1
163	67
165	66.9
168	66.8
170	66.6
172	66.6
175	66.5
177	66.3
180	66.2
183	66.1
185	66.1
188	65.9
191	65.9
194	65.9
196	65.8
199	65.6
202	65.5
205	65.5
208	65.4
211	65.3
214	65.2
217	65.2
220	65.2
224	65
227	65
230	64.9
234	64.9
237	64.8
240	64.7
244	64.6
247	64.6
251	64.6
255	64.5
258	64.4
262	64.4
266	64.4
270	64.3
274	64.3
278	64.2
282	64.2
286	64.2
290	64.1
294	64.1
298	64.1
303	64.1
307	64
312	64
316	63.9
321	63.9
325	63.9
330	64.1
335	64
340	63.8
345	63.8
350	63.8
355	63.8
360	63.8
365	63.7
371	63.7
376	63.7
382	63.6
387	63.6
393	63.5
398	63.5
404	63.5
410	63.5
416	63.5
422	63.4
428	63.3
434	63.3
441	63.3
447	63.4
454	63.3
460	63.3
467	63.3
474	63.2
481	63.2
488	63.2
495	63.1
502	63.1
509	63.3
517	63.2
524	63.2
532	63.1
540	63.1
547	63.1
555	63.2
563	63.1
572	63
580	63
588	63
597	63
606	63.1
614	63.1
623	63.1
632	63
642	63
651	63
660	62.9
670	62.8
680	62.9
690	62.9
700	63
710	63.1
720	63.1
731	63
741	63
752	63.1
763	63.1
774	63.1
785	63.1
797	63.2
808	63.2
820	63.2
832	63.2
844	63.2
856	63.3
869	63.3
882	63.4
894	63.5
907	63.5
921	63.5
934	63.5
948	63.7
961	63.7
975	63.8
990	63.9
1004	64
1019	64
1033	64.1
1048	64.1
1064	64.2
1079	64.4
1095	64.5
1111	64.6
1127	64.7
1143	64.8
1160	64.8
1177	64.9
1194	65
1211	65.1
1229	65.2
1247	65.3
1265	65.3
1283	65.5
1302	65.5
1321	65.6
1340	65.6
1360	65.7
1379	65.7
1399	65.9
1420	65.9
1440	65.9
1461	66
1483	66
1504	66.2
1526	66.2
1548	66.3
1571	66.4
1594	66.5
1617	66.6
1640	66.6
1664	66.8
1688	66.8
1713	67
1738	67.1
1763	67.3
1789	67.3
1815	67.5
1841	67.7
1868	67.8
1895	68
1923	68.1
1951	68.3
1979	68.4
2008	68.6
2037	68.7
2067	68.8
2097	68.9
2127	69
2158	69.2
2190	69.2
2221	69.3
2254	69.3
2287	69.4
2320	69.3
2354	69.4
2388	69.3
2423	69.3
2458	69.2
2494	69.2
2530	69.1
2567	69
2604	68.9
2642	68.9
2680	68.8
2719	68.6
2759	68.5
2799	68.3
2840	68.2
2881	68.2
2923	68.2
2965	68.2
3008	68.1
3052	68.1
3097	68.1
3142	68.1
3187	68
3234	68
3281	68
3328	68
3377	68
3426	68
3476	68
3526	68
3578	68
3630	68
3682	68
3736	68
3790	68
3846	68
3901	68
3958	68
4016	68
4074	68
4133	68
4194	68
4255	67.9
4316	67.8
4379	67.7
4443	67.5
4508	67.4
4573	67.2
4640	67.1
4707	67
4776	66.6
4845	66.5
4916	66.2
4987	65.9
5060	65.7
5133	65.5
5208	65.4
5284	65.2
5360	65.1
5438	65
5518	64.9
5598	64.7
5679	64.6
5762	64.4
5846	64.3
5931	64.2
6017	64
6104	63.9
6193	63.7
6283	63.6
6375	63.4
6467	63.2
6561	63.1
6657	62.9
6754	62.8
6852	62.6
6952	62.4
7053	62.4
7155	62.6
7259	62.8
7365	62.8
7472	63
7581	63.2
7691	63.3
7803	63.6
7916	63.9
8032	64
8148	63.8
8267	63.7
8387	62.7
8509	62.2
8633	61.1
8758	60.3
8886	59
9015	58.3
9146	57.2
9279	56.5
9414	55.8
9551	54.9
9690	54.4
9831	53.6
9974	53.1
10119	52.4
10266	51.9
10416	51.2
10567	50.7
10721	50.3
10877	49.6
11035	49.2
11196	48.3
11358	47.8
11524	46.9
11691	46.2
11861	45.3
12034	44
12209	43.1
12386	41.7
12567	41.1
12749	42
12935	43.8
13123	46.5
13314	47.3
13507	47.9
13704	48.4
13903	48.4
14105	48.8
14311	49
14519	49.3
14730	49.7
14944	50.4
15162	51.2
15382	51.8
15606	53.3
15833	54.9
16063	57.3
16297	58.5
16534	59.9
16774	59
17018	57.9
17266	55.2
17517	53.5
17772	50.3
18030	48.5
18293	45.6
18559	44.1
18829	42.3
19102	38.8
19380	36.3
20000	34.8
overall dB	91.2 dB
decay	Average
averaging	1/24 Octave
source	Headset Microphone 1 High Range
latitude	14.582
longitude	121.055
saved	5/6/23, 6:52 PM
peak	43.9Hz
