FFT	AudioTools 	v17.12 (3) iPhone battery   5%	8/23/24, 5:18 PM	Headset Microphone 1 High Range	FAF03ED9-F189-47F0-90CF-9DB4CBD13D28
Frequency	dB	Unweighted
19.5	65.5
19.8	65.5
20.1	65.7
20.3	65.8
20.6	65.7
20.9	65.7
21.2	65.8
21.6	66
21.9	65.9
22.2	66.1
22.5	66.2
22.8	66.3
23.2	66.1
23.5	66.2
23.8	66.6
24.2	66.8
24.5	66.7
24.9	66.8
25.3	67.1
25.6	67.2
26	67.3
26.4	67.3
26.8	67.4
27.2	67.6
27.5	67.5
28	67.6
28.4	67.7
28.8	67.8
29.2	67.7
29.6	67.7
30	68.1
30.5	68.2
30.9	68.2
31.4	68.2
31.8	68.3
32.3	68.4
32.8	68.4
33.2	68.5
33.7	68.5
34.2	68.7
34.7	68.6
35.2	68.7
35.7	68.8
36.2	68.9
36.8	68.8
37.3	68.8
37.9	69
38.4	69.1
39	69.1
39.5	69.2
40.1	69.2
40.7	69.3
41.3	69.2
41.9	69.3
42.5	69.4
43.1	69.7
43.7	69.7
44.4	69.8
45	69.7
45.7	69.6
46.3	69.5
47	69.5
47.7	69.6
48.4	69.7
49.1	69.5
49.8	69.5
50.5	69.7
51.3	69.9
52	70
52.8	70
53.5	70
54.3	70
55.1	69.9
55.9	70
56.7	70.1
57.5	70.3
58.4	70.3
59.2	70.3
60.1	70.3
61	70.3
61.8	70.1
62.7	70.1
63.7	70
64.6	70.1
65.5	70.1
66.5	70.2
67.4	70.3
68.4	70.4
69.4	70.4
70.4	70.4
71.5	70.5
72.5	70.6
73.5	70.6
74.6	70.6
75.7	70.6
76.8	70.6
77.9	70.6
79.1	70.7
80.2	70.6
81.4	70.5
82.6	70.3
83.8	70.3
85	70.3
86.2	70.5
87.5	70.5
88.7	70.7
90	70.8
91.3	70.7
92.7	70.7
94	70.9
95.4	70.9
96.8	70.9
98.2	70.8
99.6	70.8
101	70.7
103	70.7
104	70.7
106	70.7
107	70.8
109	70.8
110	70.8
112	70.8
113	70.9
115	70.9
117	70.9
118	70.9
120	70.9
122	70.9
124	70.7
125	70.7
127	70.7
129	70.8
131	70.9
133	71
135	70.9
137	70.9
139	70.8
141	70.9
143	70.9
145	71
147	71
149	71.1
151	71
154	70.8
156	70.9
158	71
160	70.9
163	70.9
165	70.9
168	70.8
170	70.9
172	70.9
175	70.9
177	70.9
180	70.8
183	70.8
185	70.9
188	70.9
191	71
194	71
196	70.9
199	70.8
202	70.9
205	71
208	70.8
211	70.8
214	70.8
217	70.7
220	70.7
224	70.7
227	70.9
230	70.9
234	70.9
237	70.8
240	70.8
244	70.8
247	70.8
251	70.7
255	70.8
258	70.6
262	70.7
266	70.7
270	70.7
274	70.7
278	70.7
282	70.6
286	70.6
290	70.6
294	70.6
298	70.6
303	70.6
307	70.6
312	70.5
316	70.6
321	70.6
325	70.5
330	70.7
335	70.6
340	70.4
345	70.5
350	70.4
355	70.4
360	70.3
365	70.4
371	70.4
376	70.4
382	70.3
387	70.3
393	70.2
398	70.2
404	70.2
410	70.3
416	70.3
422	70.3
428	70.2
434	70.1
441	70
447	70
454	70.1
460	70
467	70
474	70.1
481	70
488	70
495	69.9
502	70
509	70
517	70
524	70
532	70
540	69.9
547	69.9
555	69.9
563	69.9
572	69.8
580	69.7
588	69.7
597	69.6
606	69.7
614	69.7
623	69.6
632	69.6
642	69.5
651	69.5
660	69.6
670	69.5
680	69.5
690	69.5
700	69.6
710	69.5
720	69.4
731	69.3
741	69.4
752	69.6
763	69.5
774	69.4
785	69.4
797	69.5
808	69.5
820	69.5
832	69.5
844	69.6
856	69.5
869	69.5
882	69.6
894	69.6
907	69.6
921	69.5
934	69.6
948	69.7
961	69.7
975	69.7
990	69.8
1004	69.9
1019	69.9
1033	69.9
1048	70
1064	70
1079	70.1
1095	70.1
1111	70.1
1127	70.2
1143	70.3
1160	70.3
1177	70.4
1194	70.4
1211	70.4
1229	70.5
1247	70.5
1265	70.6
1283	70.7
1302	70.6
1321	70.6
1340	70.6
1360	70.7
1379	70.7
1399	70.7
1420	70.8
1440	70.7
1461	70.7
1483	70.7
1504	70.7
1526	70.7
1548	70.6
1571	70.6
1594	70.6
1617	70.7
1640	70.6
1664	70.6
1688	70.6
1713	70.5
1738	70.5
1763	70.5
1789	70.5
1815	70.5
1841	70.5
1868	70.5
1895	70.4
1923	70.4
1951	70.4
1979	70.4
2008	70.4
2037	70.4
2067	70.4
2097	70.4
2127	70.5
2158	70.7
2190	70.8
2221	70.9
2254	71
2287	71.1
2320	71.4
2354	71.5
2388	71.8
2423	71.9
2458	72.3
2494	72.5
2530	72.8
2567	73
2604	73.1
2642	73.5
2680	73.6
2719	73.7
2759	73.7
2799	73.7
2840	73.7
2881	73.7
2923	73.7
2965	73.7
3008	73.5
3052	73.4
3097	73.4
3142	73.4
3187	73.3
3234	73.3
3281	73.3
3328	73.1
3377	73.1
3426	72.9
3476	72.9
3526	73
3578	73.1
3630	73.2
3682	73.5
3736	73.6
3790	73.9
3846	74
3901	74.2
3958	74.1
4016	73.9
4074	73.6
4133	73.5
4194	73.1
4255	73
4316	72.2
4379	71.8
4443	71.2
4508	70.8
4573	70.5
4640	70.3
4707	70.2
4776	70.2
4845	70.3
4916	70.5
4987	70.6
5060	71.1
5133	71.4
5208	71.7
5284	72.4
5360	72.8
5438	73.9
5518	74.4
5598	75.2
5679	75.8
5762	76.4
5846	76.7
5931	76.9
6017	77.1
6104	77.1
6193	77
6283	76.8
6375	76.6
6467	76.4
6561	76.4
6657	76.3
6754	76.3
6852	76.3
6952	76.2
7053	75.4
7155	74
7259	69.8
7365	67.9
7472	68.2
7581	71.1
7691	72.7
7803	74.7
7916	75.5
8032	75.8
8148	75.6
8267	75.3
8387	73.9
8509	72.9
8633	71.4
8758	70.6
8886	69.2
9015	68.4
9146	67.4
9279	66.7
9414	66
9551	65.1
9690	64.5
9831	63.5
9974	62.7
10119	61.4
10266	60.8
10416	59.8
10567	59.3
10721	58.9
10877	58.3
11035	58.2
11196	58.1
11358	58.3
11524	58.8
11691	59.1
11861	59.3
12034	59.7
12209	59.8
12386	59.9
12567	59.9
12749	60.1
12935	60.3
13123	60.7
13314	61.1
13507	61.4
13704	62.1
13903	62.5
14105	63.4
14311	63.4
14519	62.7
14730	62.1
14944	61.3
15162	59.8
15382	59
15606	58.4
15833	58.7
16063	59.5
16297	59.9
16534	59.5
16774	57.6
17018	55.6
17266	52.3
17517	50
17772	46
18030	44.1
18293	42.2
18559	41.5
18829	40.6
19102	39.2
19380	38.3
20000	37.8
overall dB	94.5 dB
decay	Average
averaging	1/24 Octave
source	Headset Microphone 1 High Range
latitude	14.581
longitude	121.056
saved	8/23/24, 5:18 PM
peak	43.9Hz
