* Measurement data measured by REW V5.31.3
* Source: Headset (DS by VECLAN.COM), MICROPHONE (Master Volume), L, volume: 0.720. Timing signal peak level -18.4 dBFS, measurement signal peak level -15.8 dBFS
* Format: 2M Log Swept Sine, 1 sweep at -12.0 dBFS using an acoustic timing reference
* Dated: Aug 23, 2024 1:43:37 PM
* REW Settings:
*  C-weighting compensation: Off
*  Target level: 85.0 dB
* Note: ; Delay -0.0695 ms (-24 mm, -0.94 in) using estimated IR delay relative to Acoustic reference played from HEADPHONE R with no timing offset
* Measurement: Simgot EW300 S1 Silver R
* Smoothing: 1/24 octave
* Frequency Step: 1/48 octave
* Start Frequency: 1.000 Hz
*
* Freq(Hz), SPL(dB), Phase(degrees)
1.000000, 76.108, -53.8264
1.015000, 76.352, -54.5856
1.030000, 76.595, -55.3268
1.044000, 76.821, -56.0030
1.060000, 77.078, -56.7579
1.075000, 77.317, -57.4487
1.090000, 77.553, -58.1214
1.106000, 77.804, -58.8070
1.120000, 78.029, -59.3603
1.138000, 78.326, -59.9998
1.150000, 78.529, -60.3848
1.172000, 78.911, -61.0233
1.180000, 79.052, -61.2413
1.206000, 79.517, -61.8855
1.220000, 79.770, -62.1982
1.241000, 80.152, -62.6316
1.250000, 80.316, -62.8064
1.265000, 80.588, -63.0858
1.280000, 80.859, -63.3529
1.315000, 81.480, -63.9426
1.320000, 81.567, -64.0242
1.340000, 81.909, -64.3467
1.360000, 82.241, -64.6648
1.380000, 82.560, -65.0205
1.400000, 82.864, -65.3931
1.430000, 83.286, -65.9598
1.450000, 83.543, -66.3432
1.475000, 83.834, -66.8105
1.500000, 84.093, -67.2192
1.525000, 84.324, -67.5580
1.550000, 84.529, -67.8396
1.575000, 84.712, -68.0991
1.600000, 84.877, -68.3662
1.625000, 85.026, -68.6122
1.650000, 85.164, -68.8463
1.675000, 85.294, -69.0763
1.700000, 85.419, -69.3088
1.725000, 85.542, -69.5493
1.750000, 85.667, -69.8021
1.775000, 85.797, -70.0881
1.800000, 85.936, -70.4258
1.825000, 86.086, -70.7789
1.850000, 86.244, -71.1291
1.875000, 86.405, -71.4519
1.900000, 86.566, -71.7438
1.925000, 86.727, -72.0103
1.950000, 86.888, -72.2574
1.975000, 87.049, -72.5077
2.000000, 87.209, -72.7825
2.030000, 87.400, -73.1070
2.060000, 87.589, -73.4343
2.090000, 87.777, -73.7708
2.120000, 87.963, -74.1220
2.140000, 88.086, -74.3667
2.180000, 88.327, -74.9051
2.200000, 88.447, -75.2046
2.240000, 88.682, -75.7939
2.270000, 88.856, -76.2137
2.300000, 89.029, -76.6160
2.330000, 89.200, -77.0049
2.360000, 89.369, -77.3850
2.400000, 89.591, -77.9332
2.430000, 89.755, -78.3510
2.470000, 89.971, -78.9150
2.500000, 90.130, -79.3474
2.540000, 90.339, -79.9414
2.580000, 90.545, -80.5701
2.620000, 90.746, -81.2325
2.650000, 90.895, -81.7193
2.690000, 91.090, -82.3559
2.720000, 91.233, -82.8253
2.760000, 91.422, -83.4417
2.800000, 91.607, -84.0922
2.850000, 91.832, -84.9100
2.900000, 92.051, -85.7335
2.950000, 92.264, -86.5667
3.000000, 92.471, -87.4323
3.040000, 92.632, -88.1303
3.070000, 92.750, -88.6485
3.110000, 92.904, -89.3315
3.150000, 93.054, -90.0055
3.200000, 93.237, -90.8668
3.250000, 93.416, -91.7322
3.300000, 93.589, -92.5918
3.350000, 93.757, -93.4496
3.400000, 93.920, -94.3383
3.450000, 94.077, -95.2323
3.500000, 94.229, -96.1122
3.550000, 94.377, -96.9740
3.600000, 94.520, -97.8433
3.650000, 94.658, -98.7065
3.700000, 94.792, -99.5603
3.750000, 94.921, -100.4117
3.820000, 95.093, -101.6286
3.870000, 95.211, -102.4899
3.950000, 95.391, -103.8278
4.000000, 95.500, -104.6572
4.060000, 95.625, -105.6415
4.120000, 95.746, -106.6150
4.180000, 95.861, -107.5851
4.250000, 95.989, -108.7263
4.310000, 96.095, -109.6743
4.370000, 96.196, -110.5949
4.440000, 96.309, -111.6711
4.500000, 96.400, -112.5802
4.550000, 96.473, -113.3270
4.620000, 96.572, -114.3779
4.680000, 96.652, -115.2584
4.750000, 96.743, -116.2496
4.820000, 96.830, -117.2332
4.870000, 96.890, -117.9283
4.940000, 96.970, -118.8829
5.000000, 97.036, -119.6964
5.080000, 97.120, -120.7595
5.150000, 97.191, -121.6571
5.220000, 97.258, -122.5548
5.300000, 97.330, -123.5664
5.380000, 97.399, -124.5532
5.450000, 97.457, -125.4100
5.520000, 97.512, -126.2411
5.600000, 97.572, -127.1799
5.700000, 97.643, -128.3418
5.800000, 97.709, -129.4721
5.900000, 97.770, -130.5815
6.000000, 97.826, -131.6700
6.080000, 97.867, -132.5359
6.150000, 97.901, -133.2709
6.220000, 97.932, -134.0005
6.300000, 97.964, -134.8170
6.400000, 98.000, -135.8204
6.500000, 98.031, -136.8049
6.600000, 98.057, -137.7499
6.700000, 98.078, -138.6723
6.800000, 98.094, -139.5654
6.900000, 98.106, -140.4270
7.000000, 98.113, -141.2408
7.100000, 98.117, -142.0218
7.200000, 98.118, -142.7627
7.300000, 98.115, -143.4626
7.400000, 98.111, -144.1120
7.500000, 98.104, -144.7249
7.620000, 98.095, -145.3997
7.750000, 98.086, -146.0523
7.880000, 98.078, -146.6326
8.000000, 98.074, -147.1060
8.120000, 98.075, -147.5319
8.250000, 98.082, -147.9385
8.380000, 98.095, -148.3062
8.500000, 98.115, -148.6289
8.620000, 98.142, -148.9318
8.750000, 98.178, -149.2600
8.850000, 98.210, -149.5243
9.000000, 98.266, -149.9344
9.120000, 98.315, -150.2924
9.250000, 98.370, -150.7232
9.380000, 98.426, -151.1913
9.500000, 98.477, -151.6612
9.620000, 98.525, -152.1633
9.750000, 98.571, -152.7411
9.880000, 98.605, -153.3455
10.000000, 98.620, -153.9147
10.150000, 98.620, -154.6709
10.300000, 98.601, -155.4016
10.440000, 98.569, -156.0537
10.600000, 98.521, -156.7432
10.750000, 98.469, -157.3167
10.900000, 98.414, -157.8176
11.060000, 98.356, -158.2878
11.200000, 98.308, -158.6619
11.380000, 98.252, -159.0549
11.500000, 98.220, -159.2670
11.720000, 98.177, -159.5915
11.800000, 98.167, -159.6997
12.060000, 98.159, -160.0789
12.200000, 98.167, -160.3587
12.410000, 98.191, -160.8429
12.500000, 98.202, -161.0808
12.650000, 98.219, -161.5186
12.800000, 98.233, -162.0014
13.150000, 98.241, -163.3159
13.200000, 98.239, -163.5210
13.400000, 98.222, -164.3417
13.600000, 98.190, -165.1299
13.800000, 98.146, -165.8557
14.000000, 98.094, -166.5004
14.300000, 98.010, -167.3680
14.500000, 97.956, -167.8337
14.750000, 97.897, -168.3162
15.000000, 97.853, -168.7304
15.250000, 97.827, -169.1776
15.500000, 97.811, -169.6339
15.750000, 97.798, -170.1084
16.000000, 97.782, -170.5958
16.250000, 97.763, -171.1196
16.500000, 97.740, -171.6116
16.750000, 97.715, -172.0510
17.000000, 97.693, -172.4361
17.250000, 97.678, -172.8024
17.500000, 97.671, -173.1418
17.750000, 97.670, -173.4766
18.000000, 97.675, -173.8308
18.250000, 97.683, -174.2389
18.500000, 97.688, -174.6805
18.750000, 97.687, -175.1411
19.000000, 97.680, -175.6017
19.250000, 97.665, -176.0630
19.500000, 97.645, -176.4790
19.750000, 97.621, -176.8358
20.000000, 97.596, -177.1299
20.299999, 97.571, -177.4427
20.600000, 97.554, -177.7057
20.900000, 97.545, -177.9539
21.200001, 97.542, -178.2358
21.400000, 97.541, -178.4460
21.799999, 97.536, -178.9007
22.000000, 97.530, -179.1391
22.400000, 97.514, -179.6422
22.700001, 97.497, -179.9988
23.000000, 97.480, 179.6647
23.299999, 97.463, 179.3235
23.600000, 97.447, 178.9880
24.000000, 97.427, 178.5417
24.299999, 97.411, 178.1895
24.700001, 97.388, 177.7272
25.000000, 97.369, 177.3910
25.400000, 97.341, 176.9360
25.799999, 97.310, 176.5054
26.200001, 97.275, 176.1102
26.500000, 97.247, 175.8524
26.900000, 97.216, 175.5748
27.200001, 97.202, 175.3882
27.600000, 97.195, 175.1096
28.000000, 97.195, 174.7374
28.500000, 97.179, 174.1235
29.000000, 97.128, 173.5276
29.500000, 97.058, 173.1421
30.000000, 97.010, 172.9746
30.400000, 97.000, 172.8288
30.700001, 97.003, 172.6354
31.100000, 97.003, 172.2378
31.500000, 96.984, 171.7398
32.000000, 96.928, 171.1874
32.500000, 96.866, 170.8271
33.000000, 96.826, 170.6029
33.500000, 96.811, 170.3212
34.000000, 96.801, 169.9034
34.500000, 96.775, 169.4111
35.000000, 96.731, 168.9962
35.500000, 96.685, 168.7380
36.000000, 96.659, 168.5935
36.500000, 96.659, 168.4049
37.000000, 96.667, 168.0529
37.500000, 96.656, 167.5555
38.200001, 96.591, 166.9294
38.700001, 96.533, 166.6880
39.500000, 96.480, 166.4792
40.000000, 96.464, 166.2681
40.599998, 96.437, 165.9092
41.200001, 96.399, 165.5612
41.799999, 96.363, 165.2492
42.500000, 96.325, 164.8505
43.099998, 96.287, 164.4896
43.700001, 96.243, 164.1822
44.400002, 96.199, 163.9020
45.000000, 96.170, 163.6586
45.500000, 96.147, 163.4268
46.200001, 96.109, 163.0971
46.799999, 96.074, 162.8393
47.500000, 96.035, 162.5594
48.200001, 95.995, 162.2932
48.700001, 95.968, 162.1127
49.400002, 95.932, 161.8550
50.000000, 95.902, 161.6093
50.799999, 95.854, 161.2772
51.500000, 95.812, 161.0262
52.200001, 95.776, 160.7784
53.000000, 95.736, 160.4548
53.799999, 95.691, 160.1136
54.500000, 95.649, 159.8296
55.200001, 95.606, 159.5544
56.000000, 95.557, 159.2536
57.000000, 95.497, 158.8861
58.000000, 95.434, 158.4911
59.000000, 95.354, 158.1604
60.000000, 95.279, 158.0389
60.799999, 95.244, 157.9771
61.500000, 95.221, 157.8176
62.200001, 95.190, 157.5819
63.000000, 95.140, 157.3264
64.000000, 95.077, 157.0673
65.000000, 95.013, 156.7554
66.000000, 94.936, 156.4978
67.000000, 94.877, 156.3420
68.000000, 94.835, 156.0839
69.000000, 94.786, 155.7833
70.000000, 94.736, 155.5052
71.000000, 94.676, 155.2591
72.000000, 94.615, 155.1523
73.000000, 94.568, 155.0721
74.000000, 94.513, 154.9184
75.000000, 94.447, 154.8260
76.199997, 94.380, 154.6969
77.500000, 94.300, 154.3987
78.800003, 94.216, 154.1667
80.000000, 94.156, 153.9388
81.199997, 94.097, 153.6604
82.500000, 94.026, 153.4984
83.800003, 93.978, 153.4660
85.000000, 93.936, 153.3417
86.199997, 93.880, 153.1959
87.500000, 93.796, 153.0562
88.500000, 93.725, 153.0713
90.000000, 93.646, 153.1671
91.199997, 93.600, 153.0956
92.500000, 93.546, 152.8939
93.800003, 93.486, 152.6166
95.000000, 93.421, 152.3612
96.199997, 93.357, 152.1708
97.500000, 93.299, 152.0633
98.800003, 93.256, 151.9659
100.000000, 93.211, 151.8749
101.500000, 93.144, 151.9036
103.000000, 93.077, 151.9295
104.400002, 92.994, 151.8567
106.000000, 92.896, 151.8097
107.500000, 92.822, 151.6517
109.000000, 92.756, 151.3880
110.599998, 92.674, 151.1788
112.000000, 92.597, 151.2153
113.800003, 92.525, 151.5043
115.000000, 92.485, 151.5197
117.199997, 92.367, 151.5158
118.000000, 92.326, 151.6013
120.599998, 92.238, 151.7295
122.000000, 92.194, 151.6944
124.099998, 92.118, 151.4789
125.000000, 92.083, 151.4163
126.500000, 92.040, 151.2633
128.000000, 91.984, 151.0556
131.500000, 91.837, 151.2668
132.000000, 91.819, 151.3538
134.000000, 91.761, 151.6014
136.000000, 91.699, 151.6790
138.000000, 91.634, 151.7728
140.000000, 91.583, 151.8642
143.000000, 91.485, 151.9410
145.000000, 91.416, 152.0453
147.500000, 91.328, 152.1750
150.000000, 91.253, 152.2980
152.500000, 91.178, 152.3389
155.000000, 91.099, 152.4498
157.500000, 91.029, 152.5906
160.000000, 90.955, 152.7000
162.500000, 90.877, 152.8964
165.000000, 90.804, 153.0661
167.500000, 90.723, 153.1993
170.000000, 90.629, 153.3921
172.500000, 90.528, 153.7556
175.000000, 90.454, 154.1797
177.500000, 90.395, 154.3225
180.000000, 90.331, 154.5480
182.500000, 90.294, 154.7846
185.000000, 90.260, 154.8520
187.500000, 90.208, 154.8561
190.000000, 90.143, 154.8649
192.500000, 90.073, 154.9694
195.000000, 90.008, 155.2039
197.500000, 89.943, 155.5081
200.000000, 89.880, 155.7830
203.000000, 89.816, 156.0403
206.000000, 89.755, 156.3626
209.000000, 89.693, 156.8228
212.000000, 89.646, 157.1843
214.000000, 89.621, 157.3333
218.000000, 89.567, 157.5704
220.000000, 89.535, 157.6795
224.000000, 89.458, 158.0413
227.000000, 89.401, 158.4061
230.000000, 89.342, 158.6219
233.000000, 89.286, 158.7371
236.000000, 89.230, 158.9285
240.000000, 89.148, 159.2587
243.000000, 89.092, 159.4735
247.000000, 89.030, 159.8622
250.000000, 88.988, 160.1617
254.000000, 88.932, 160.4954
258.000000, 88.879, 160.8789
262.000000, 88.815, 161.2722
265.000000, 88.766, 161.5295
269.000000, 88.706, 161.8788
272.000000, 88.667, 162.1807
276.000000, 88.621, 162.5618
280.000000, 88.570, 162.9048
285.000000, 88.508, 163.3290
290.000000, 88.453, 163.8211
295.000000, 88.391, 164.3014
300.000000, 88.334, 164.8125
304.000000, 88.296, 165.2298
307.000000, 88.269, 165.5352
311.000000, 88.231, 165.8937
315.000000, 88.192, 166.2242
320.000000, 88.149, 166.6492
325.000000, 88.101, 167.0461
330.000000, 88.053, 167.5187
335.000000, 88.019, 168.0751
340.000000, 87.983, 168.5741
345.000000, 87.946, 169.0207
350.000000, 87.907, 169.4801
355.000000, 87.866, 169.9243
360.000000, 87.818, 170.3869
365.000000, 87.768, 170.8712
370.000000, 87.719, 171.3726
375.000000, 87.681, 171.8732
382.000000, 87.640, 172.5147
387.000000, 87.613, 172.9990
395.000000, 87.577, 173.7243
400.000000, 87.554, 174.2204
406.000000, 87.510, 174.7791
412.000000, 87.461, 175.2397
418.000000, 87.435, 175.8412
425.000000, 87.409, 176.4845
431.000000, 87.385, 177.0124
437.000000, 87.356, 177.5496
444.000000, 87.320, 178.1523
450.000000, 87.292, 178.7066
455.000000, 87.267, 179.1750
462.000000, 87.234, 179.8046
468.000000, 87.210, -179.6528
475.000000, 87.181, -179.0423
482.000000, 87.158, -178.4374
487.000000, 87.146, -178.0090
494.000000, 87.126, -177.3820
500.000000, 87.102, -176.8459
508.000000, 87.077, -176.1346
515.000000, 87.061, -175.5102
522.000000, 87.048, -174.9054
530.000000, 87.037, -174.2202
538.000000, 87.027, -173.5312
545.000000, 87.018, -172.9038
552.000000, 87.008, -172.2780
560.000000, 86.996, -171.5878
570.000000, 86.975, -170.7101
580.000000, 86.960, -169.8477
590.000000, 86.953, -169.0375
600.000000, 86.957, -168.2410
608.000000, 86.960, -167.6557
615.000000, 86.954, -167.0540
622.000000, 86.947, -166.3649
630.000000, 86.939, -165.6290
640.000000, 86.927, -164.7501
650.000000, 86.924, -163.8786
660.000000, 86.929, -163.0632
670.000000, 86.934, -162.2133
680.000000, 86.942, -161.3864
690.000000, 86.958, -160.5322
700.000000, 86.974, -159.6711
710.000000, 86.984, -158.8217
720.000000, 86.989, -157.9819
730.000000, 87.007, -157.0910
740.000000, 87.026, -156.2523
750.000000, 87.043, -155.4627
762.000000, 87.071, -154.4818
775.000000, 87.105, -153.3863
788.000000, 87.136, -152.2787
800.000000, 87.163, -151.2803
812.000000, 87.189, -150.2729
825.000000, 87.231, -149.2137
838.000000, 87.287, -148.1511
850.000000, 87.342, -147.1807
862.000000, 87.402, -146.2002
875.000000, 87.468, -145.1622
885.000000, 87.518, -144.3753
900.000000, 87.596, -143.2445
912.000000, 87.664, -142.3724
925.000000, 87.743, -141.4440
938.000000, 87.823, -140.5317
950.000000, 87.899, -139.6785
962.000000, 87.975, -138.8838
975.000000, 88.059, -138.0382
988.000000, 88.145, -137.2139
1000.000000, 88.228, -136.4797
1015.000000, 88.333, -135.5912
1030.000000, 88.437, -134.7313
1044.000000, 88.533, -133.9827
1060.000000, 88.648, -133.1536
1075.000000, 88.758, -132.3950
1090.000000, 88.878, -131.7050
1106.000000, 89.019, -131.0017
1120.000000, 89.143, -130.4129
1138.000000, 89.296, -129.6790
1150.000000, 89.394, -129.2183
1172.000000, 89.574, -128.4248
1180.000000, 89.641, -128.1658
1206.000000, 89.863, -127.3789
1220.000000, 89.984, -126.9866
1241.000000, 90.165, -126.4650
1250.000000, 90.239, -126.2473
1265.000000, 90.360, -125.8978
1280.000000, 90.479, -125.5715
1315.000000, 90.742, -124.8655
1320.000000, 90.778, -124.7589
1340.000000, 90.912, -124.3812
1360.000000, 91.026, -124.0203
1380.000000, 91.134, -123.6344
1400.000000, 91.252, -123.2547
1430.000000, 91.434, -122.7097
1450.000000, 91.553, -122.3389
1475.000000, 91.700, -121.8682
1500.000000, 91.843, -121.4019
1525.000000, 91.979, -120.9561
1550.000000, 92.110, -120.4817
1575.000000, 92.245, -120.0442
1600.000000, 92.384, -119.6232
1625.000000, 92.521, -119.1935
1650.000000, 92.657, -118.7788
1675.000000, 92.791, -118.3906
1700.000000, 92.924, -118.0130
1725.000000, 93.055, -117.6663
1750.000000, 93.188, -117.3185
1775.000000, 93.324, -117.0352
1800.000000, 93.459, -116.7599
1825.000000, 93.591, -116.4925
1850.000000, 93.725, -116.2642
1875.000000, 93.859, -116.0716
1900.000000, 93.994, -115.9045
1925.000000, 94.124, -115.7747
1950.000000, 94.248, -115.6502
1975.000000, 94.369, -115.5665
2000.000000, 94.490, -115.5260
2030.000000, 94.635, -115.5081
2060.000000, 94.780, -115.5385
2090.000000, 94.922, -115.5942
2120.000000, 95.057, -115.7029
2140.000000, 95.144, -115.8131
2180.000000, 95.305, -116.0291
2200.000000, 95.380, -116.1702
2240.000000, 95.521, -116.4932
2270.000000, 95.622, -116.7606
2300.000000, 95.718, -117.0652
2330.000000, 95.805, -117.3874
2360.000000, 95.879, -117.7079
2400.000000, 95.963, -118.1749
2430.000000, 96.021, -118.5358
2470.000000, 96.088, -119.0032
2500.000000, 96.126, -119.3485
2540.000000, 96.162, -119.7793
2580.000000, 96.181, -120.1645
2620.000000, 96.192, -120.5007
2650.000000, 96.198, -120.7244
2690.000000, 96.206, -120.9649
2720.000000, 96.209, -121.1585
2760.000000, 96.205, -121.4063
2800.000000, 96.187, -121.6539
2850.000000, 96.155, -121.9448
2900.000000, 96.114, -122.1706
2950.000000, 96.061, -122.2965
3000.000000, 95.995, -122.3233
3040.000000, 95.938, -122.2854
3070.000000, 95.897, -122.2330
3110.000000, 95.841, -122.1186
3150.000000, 95.787, -121.9550
3200.000000, 95.719, -121.7055
3250.000000, 95.652, -121.4120
3300.000000, 95.583, -121.0387
3350.000000, 95.511, -120.6308
3400.000000, 95.442, -120.1659
3450.000000, 95.386, -119.6727
3500.000000, 95.340, -119.1577
3550.000000, 95.301, -118.5962
3600.000000, 95.262, -118.0497
3650.000000, 95.225, -117.4723
3700.000000, 95.192, -116.8793
3750.000000, 95.159, -116.2757
3820.000000, 95.111, -115.4176
3870.000000, 95.073, -114.8119
3950.000000, 95.014, -113.8400
4000.000000, 94.981, -113.2084
4060.000000, 94.942, -112.4516
4120.000000, 94.903, -111.6446
4180.000000, 94.869, -110.8009
4250.000000, 94.839, -109.8085
4310.000000, 94.826, -108.9615
4370.000000, 94.821, -108.2319
4440.000000, 94.820, -107.5471
4500.000000, 94.808, -107.1575
4550.000000, 94.784, -106.8789
4620.000000, 94.727, -106.5682
4680.000000, 94.660, -106.2837
4750.000000, 94.564, -105.9093
4820.000000, 94.454, -105.4651
4870.000000, 94.366, -105.1087
4940.000000, 94.233, -104.5212
5000.000000, 94.116, -103.9767
5080.000000, 93.962, -103.2048
5150.000000, 93.829, -102.5148
5220.000000, 93.691, -101.7635
5300.000000, 93.524, -100.8899
5380.000000, 93.349, -99.9314
5450.000000, 93.192, -99.0530
5520.000000, 93.033, -98.1190
5600.000000, 92.854, -96.9638
5700.000000, 92.633, -95.4310
5800.000000, 92.408, -93.8136
5900.000000, 92.168, -92.1031
6000.000000, 91.915, -90.3745
6080.000000, 91.700, -88.8428
6150.000000, 91.502, -87.3471
6220.000000, 91.297, -85.6959
6300.000000, 91.060, -83.4849
6400.000000, 90.779, -80.2989
6500.000000, 90.550, -76.6507
6600.000000, 90.404, -72.6902
6700.000000, 90.350, -68.5864
6800.000000, 90.393, -64.4743
6900.000000, 90.544, -60.4739
7000.000000, 90.802, -56.6827
7100.000000, 91.148, -53.1753
7200.000000, 91.568, -50.0150
7300.000000, 92.063, -47.2417
7400.000000, 92.640, -45.1246
7500.000000, 93.293, -43.8778
7620.000000, 94.156, -43.9916
7750.000000, 95.061, -46.4610
7880.000000, 95.665, -51.3072
8000.000000, 95.833, -57.0865
8120.000000, 95.620, -62.9621
8250.000000, 95.047, -68.4461
8380.000000, 94.231, -72.6273
8500.000000, 93.316, -75.3160
8620.000000, 92.279, -76.6655
8750.000000, 91.078, -76.5801
8850.000000, 90.144, -75.3485
9000.000000, 88.818, -71.8459
9120.000000, 87.882, -67.9422
9250.000000, 87.010, -63.2051
9380.000000, 86.252, -58.2618
9500.000000, 85.619, -53.6506
9620.000000, 85.035, -48.9028
9750.000000, 84.459, -43.6259
9880.000000, 83.937, -38.2687
10000.000000, 83.497, -33.1912
10150.000000, 82.994, -26.7600
10300.000000, 82.532, -20.2053
10440.000000, 82.130, -13.9018
10600.000000, 81.694, -6.4526
10750.000000, 81.311, 0.9661
10900.000000, 80.974, 8.9807
11060.000000, 80.726, 18.6222
11200.000000, 80.707, 28.2204
11380.000000, 81.188, 41.3977
11500.000000, 81.894, 49.3475
11720.000000, 83.653, 58.6133
11800.000000, 84.288, 60.1051
12060.000000, 85.881, 60.1733
12200.000000, 86.374, 58.6701
12410.000000, 86.663, 55.9860
12500.000000, 86.646, 54.9647
12650.000000, 86.475, 53.7545
12800.000000, 86.172, 53.3035
13150.000000, 85.238, 55.5331
13200.000000, 85.099, 56.1920
13400.000000, 84.566, 59.3999
13600.000000, 84.090, 63.3897
13800.000000, 83.689, 67.8654
14000.000000, 83.370, 72.7274
14300.000000, 83.056, 80.5043
14500.000000, 82.996, 85.8911
14750.000000, 83.134, 92.2302
15000.000000, 83.507, 97.3473
15250.000000, 84.072, 100.4063
15500.000000, 84.737, 100.2691
15750.000000, 85.195, 96.0508
16000.000000, 84.970, 88.7625
16250.000000, 83.804, 81.8432
16500.000000, 81.891, 78.7810
16750.000000, 79.691, 80.8682
17000.000000, 77.575, 87.0688
17250.000000, 75.705, 95.9873
17500.000000, 74.128, 106.6819
17750.000000, 72.845, 118.5099
18000.000000, 71.845, 130.9115
18250.000000, 71.139, 143.4923
18500.000000, 70.813, 155.8511
18750.000000, 70.963, 167.4492
19000.000000, 71.475, 177.5744
19250.000000, 71.958, -174.5958
19500.000000, 71.971, -169.3757
19750.000000, 71.219, -165.6761
20000.000000, 69.555, -160.0258
20300.000000, 66.893, -143.5423
20600.000000, 65.201, -116.4191
20900.000000, 65.082, -90.6823
21200.000000, 65.780, -70.8543
21400.000000, 66.333, -61.7026
21800.000000, 66.235, -54.1859
22000.000000, 64.857, -54.1436
22400.000000, 58.689, -57.0712
22700.000000, 51.725, -59.3970
23000.000000, 43.645, -61.8285
23300.000000, 36.250, -13.5895
23600.000000, 32.828, 84.4168
24000.000000, 32.063, -48.5987
