FFT	AudioTools 	v16.1.4 iPhone battery  58%	1/21/23, 2:22 PM	Headset Microphone 1 High Range	FAF03ED9-F189-47F0-90CF-9DB4CBD13D28
Frequency	dB	Unweighted
19.5	72.2
19.8	72.2
20.1	72.4
20.3	72.5
20.6	72.5
20.9	72.5
21.2	72.6
21.6	72.9
21.9	72.8
22.2	73
22.5	73.1
22.8	73.2
23.2	73
23.5	73
23.8	73.3
24.2	73.5
24.5	73.4
24.9	73.4
25.3	73.7
25.6	73.8
26	73.8
26.4	73.9
26.8	73.9
27.2	74
27.5	74
28	74.1
28.4	74.1
28.8	74.2
29.2	74.1
29.6	74.1
30	74.4
30.5	74.5
30.9	74.4
31.4	74.4
31.8	74.4
32.3	74.4
32.8	74.4
33.2	74.4
33.7	74.5
34.2	74.6
34.7	74.6
35.2	74.7
35.7	74.7
36.2	74.8
36.8	74.7
37.3	74.6
37.9	74.7
38.4	74.8
39	74.8
39.5	74.8
40.1	74.8
40.7	74.8
41.3	74.6
41.9	74.7
42.5	74.8
43.1	75
43.7	75
44.4	75.1
45	75.1
45.7	75
46.3	75
47	75
47.7	75.2
48.4	75.3
49.1	75.2
49.8	75.2
50.5	75.4
51.3	75.4
52	75.4
52.8	75.3
53.5	75.3
54.3	75.2
55.1	75.1
55.9	75.1
56.7	75.2
57.5	75.4
58.4	75.3
59.2	75.4
60.1	75.5
61	75.6
61.8	75.6
62.7	75.5
63.7	75.5
64.6	75.5
65.5	75.4
66.5	75.4
67.4	75.4
68.4	75.4
69.4	75.3
70.4	75.4
71.5	75.4
72.5	75.4
73.5	75.4
74.6	75.3
75.7	75.3
76.8	75.3
77.9	75.4
79.1	75.5
80.2	75.5
81.4	75.4
82.6	75.3
83.8	75.2
85	75.2
86.2	75.3
87.5	75.2
88.7	75.3
90	75.4
91.3	75.3
92.7	75.2
94	75.2
95.4	75.1
96.8	75
98.2	75.1
99.6	75.1
101	75
103	75
104	74.9
106	74.9
107	74.9
109	74.9
110	74.8
112	74.8
113	74.7
115	74.6
117	74.5
118	74.5
120	74.6
122	74.7
124	74.6
125	74.4
127	74.4
129	74.5
131	74.5
133	74.3
135	74.1
137	74
139	74
141	74.1
143	74.1
145	74.1
147	74
149	73.9
151	73.8
154	73.7
156	73.7
158	73.8
160	73.7
163	73.6
165	73.4
168	73.3
170	73.2
172	73.2
175	73.1
177	73
180	73
183	72.9
185	72.8
188	72.5
191	72.5
194	72.5
196	72.4
199	72.3
202	72.1
205	72.1
208	71.9
211	71.8
214	71.7
217	71.6
220	71.6
224	71.5
227	71.3
230	71.1
234	71
237	70.8
240	70.7
244	70.6
247	70.5
251	70.5
255	70.3
258	70.1
262	69.9
266	69.8
270	69.6
274	69.5
278	69.5
282	69.3
286	69.1
290	68.9
294	68.8
298	68.6
303	68.5
307	68.2
312	68.1
316	68
321	67.8
325	67.7
330	67.6
335	67.5
340	67.1
345	67
350	66.9
355	66.8
360	66.6
365	66.3
371	66.3
376	66.1
382	66
387	65.8
393	65.6
398	65.4
404	65.3
410	65.3
416	65.1
422	65
428	64.8
434	64.7
441	64.6
447	64.5
454	64.3
460	64.3
467	64.3
474	64
481	64
488	64
495	63.9
502	63.9
509	64
517	63.9
524	63.7
532	63.7
540	63.7
547	63.8
555	63.8
563	63.9
572	63.8
580	63.9
588	63.9
597	63.9
606	64
614	64.1
623	64.1
632	64.1
642	64.3
651	64.3
660	64.4
670	64.5
680	64.5
690	64.6
700	64.9
710	65
720	65
731	65.1
741	65.2
752	65.5
763	65.6
774	65.7
785	65.8
797	65.9
808	66.1
820	66.2
832	66.3
844	66.4
856	66.7
869	66.8
882	67.1
894	67.1
907	67.2
921	67.2
934	67.2
948	67.5
961	67.5
975	67.8
990	68
1004	68
1019	68.1
1033	68.3
1048	68.5
1064	68.5
1079	68.8
1095	68.9
1111	69.1
1127	69.2
1143	69.3
1160	69.4
1177	69.5
1194	69.7
1211	69.7
1229	69.9
1247	69.9
1265	70
1283	70
1302	70
1321	70.1
1340	70.1
1360	70.1
1379	70.1
1399	70.1
1420	70.1
1440	70
1461	69.9
1483	69.8
1504	69.7
1526	69.7
1548	69.5
1571	69.5
1594	69.4
1617	69.3
1640	69.1
1664	68.9
1688	68.9
1713	68.8
1738	68.7
1763	68.5
1789	68.4
1815	68.3
1841	68
1868	67.9
1895	67.7
1923	67.6
1951	67.3
1979	67.2
2008	66.9
2037	66.7
2067	66.6
2097	66.2
2127	66
2158	65.6
2190	65.4
2221	64.9
2254	64.7
2287	64.6
2320	64.1
2354	64
2388	64
2423	64
2458	64.4
2494	64.6
2530	65.2
2567	65.5
2604	65.7
2642	66.3
2680	66.5
2719	66.7
2759	66.8
2799	67.1
2840	67.2
2881	67.3
2923	67.5
2965	67.6
3008	67.6
3052	67.6
3097	67.7
3142	67.7
3187	67.8
3234	67.8
3281	67.8
3328	67.8
3377	67.8
3426	67.8
3476	67.7
3526	67.7
3578	67.7
3630	67.7
3682	67.7
3736	67.7
3790	67.7
3846	67.7
3901	67.7
3958	67.7
4016	67.8
4074	67.9
4133	67.9
4194	68.1
4255	68.2
4316	68.5
4379	68.6
4443	68.9
4508	69.2
4573	69.6
4640	69.8
4707	70
4776	70.8
4845	71.2
4916	72
4987	72.4
5060	73.4
5133	73.9
5208	74.3
5284	75
5360	75.1
5438	74.5
5518	73.8
5598	72.3
5679	71.2
5762	69.6
5846	68.7
5931	68.1
6017	67.9
6104	68.2
6193	69
6283	69.4
6375	69.7
6467	69.7
6561	69.7
6657	69.4
6754	69.2
6852	68.9
6952	68.9
7053	69
7155	69.1
7259	69.4
7365	69.8
7472	70.4
7581	71.4
7691	72
7803	73.1
7916	73.8
8032	73.9
8148	73.4
8267	72.8
8387	70.3
8509	68.8
8633	66.6
8758	65.4
8886	63.5
9015	62.5
9146	61
9279	60
9414	59.2
9551	58
9690	57.4
9831	56.6
9974	56
10119	55.4
10266	55
10416	54.4
10567	54.1
10721	53.9
10877	53.8
11035	53.7
11196	53.7
11358	53.8
11524	54.2
11691	54.6
11861	55
12034	56
12209	56.8
12386	58.3
12567	59.2
12749	60.2
12935	59.9
13123	58.3
13314	57.1
13507	55.6
13704	53.3
13903	52.1
14105	50.9
14311	50.3
14519	49.7
14730	49.7
14944	50
15162	50.3
15382	50.7
15606	52.2
15833	54
16063	56.3
16297	56
16534	53.8
16774	52
17018	50.4
17266	48.2
17517	47
17772	44.2
18030	42
18293	38.2
18559	36.9
18829	35.8
19102	34.8
19380	34.2
20000	33.8
overall dB	94.3 dB
decay	Average
averaging	1/24 Octave
source	Headset Microphone 1 High Range
latitude	15.053
longitude	120.696
saved	1/21/23, 2:22 PM
peak	51.3Hz
