* Measurement data measured by REW V5.20.13
* Source: Headset (DS by VECLAN.COM), MICROPHONE (Master Volume), L, volume: 0.250. Timing signal peak level -31.9 dBFS, measurement signal peak level -27.8 dBFS
* Format: 2M Log Swept Sine, 1 sweep at -12.0 dBFS using an acoustic timing reference
* Dated: Oct 19, 2023 5:21:10 PM
* REW Settings:
*  C-weighting compensation: Off
*  Target level: 75.0 dB
* Note: ; Delay -0.0668 ms (-23 mm, -0.9 in) using estimated IR delay relative to Acoustic reference played from HEADPHONE L with no timing offset
* Measurement: ZeroRed S2 Bass+ L
* Smoothing: 1/24 octave
* Frequency Step: 1/96 octave
* Start Frequency: 0.366 Hz
*
* Freq(Hz), SPL(dB), Phase(degrees)
0.366299, 70.607, 36.9183
0.368954, 70.623, 36.9096
0.371627, 70.639, 36.9015
0.374320, 70.656, 36.8942
0.377033, 70.672, 36.8875
0.379765, 70.688, 36.8815
0.382517, 70.705, 36.8762
0.385289, 70.721, 36.8716
0.388081, 70.738, 36.8677
0.390893, 70.755, 36.8644
0.393725, 70.772, 36.8618
0.396578, 70.789, 36.8598
0.399452, 70.806, 36.8584
0.402347, 70.824, 36.8576
0.405262, 70.841, 36.8575
0.408199, 70.859, 36.8580
0.411157, 70.876, 36.8590
0.414136, 70.894, 36.8606
0.417137, 70.912, 36.8627
0.420160, 70.930, 36.8654
0.423205, 70.949, 36.8686
0.426272, 70.967, 36.8722
0.429361, 70.986, 36.8764
0.432472, 71.004, 36.8810
0.435606, 71.023, 36.8860
0.438762, 71.042, 36.8914
0.441942, 71.061, 36.8972
0.445144, 71.080, 36.9034
0.448370, 71.100, 36.9099
0.451619, 71.119, 36.9167
0.454892, 71.139, 36.9237
0.458188, 71.159, 36.9310
0.461508, 71.178, 36.9384
0.464852, 71.199, 36.9460
0.468221, 71.219, 36.9538
0.471614, 71.239, 36.9616
0.475031, 71.260, 36.9695
0.478474, 71.280, 36.9773
0.481941, 71.301, 36.9852
0.485433, 71.322, 36.9929
0.488951, 71.343, 37.0005
0.492494, 71.364, 37.0079
0.496063, 71.386, 37.0151
0.499658, 71.407, 37.0219
0.503278, 71.429, 37.0284
0.506925, 71.451, 37.0345
0.510599, 71.473, 37.0402
0.514299, 71.495, 37.0452
0.518025, 71.517, 37.0497
0.521779, 71.540, 37.0535
0.525560, 71.563, 37.0566
0.529369, 71.585, 37.0588
0.533205, 71.608, 37.0601
0.537069, 71.632, 37.0605
0.540960, 71.655, 37.0598
0.544880, 71.678, 37.0579
0.548829, 71.702, 37.0548
0.552806, 71.726, 37.0504
0.556812, 71.750, 37.0446
0.560847, 71.774, 37.0372
0.564911, 71.799, 37.0282
0.569004, 71.823, 37.0174
0.573128, 71.848, 37.0049
0.577281, 71.873, 36.9903
0.581464, 71.898, 36.9737
0.585677, 71.923, 36.9548
0.589921, 71.949, 36.9337
0.594196, 71.974, 36.9101
0.598502, 72.000, 36.8839
0.602839, 72.026, 36.8549
0.607207, 72.052, 36.8231
0.611608, 72.079, 36.7883
0.616040, 72.105, 36.7502
0.620504, 72.132, 36.7089
0.625000, 72.159, 36.6640
0.629529, 72.186, 36.6155
0.634091, 72.214, 36.5631
0.638686, 72.241, 36.5067
0.643314, 72.269, 36.4461
0.647976, 72.297, 36.3811
0.652671, 72.325, 36.3114
0.657401, 72.353, 36.2370
0.662164, 72.382, 36.1575
0.666963, 72.411, 36.0729
0.671796, 72.440, 35.9827
0.676664, 72.469, 35.8869
0.681567, 72.498, 35.7851
0.686506, 72.528, 35.6772
0.691481, 72.558, 35.5628
0.696492, 72.588, 35.4417
0.701539, 72.618, 35.3137
0.706622, 72.649, 35.1785
0.711743, 72.679, 35.0357
0.716900, 72.710, 34.8852
0.722095, 72.741, 34.7265
0.727328, 72.773, 34.5594
0.732599, 72.805, 34.3835
0.737907, 72.844, 34.1998
0.743254, 72.885, 34.0092
0.748640, 72.926, 33.8117
0.754065, 72.968, 33.6071
0.759530, 73.011, 33.3955
0.765033, 73.055, 33.1766
0.770577, 73.100, 32.9505
0.776161, 73.146, 32.7172
0.781785, 73.192, 32.4764
0.787451, 73.239, 32.2283
0.793157, 73.287, 31.9726
0.798904, 73.336, 31.7094
0.804694, 73.386, 31.4386
0.810525, 73.437, 31.1602
0.816398, 73.488, 30.8740
0.822314, 73.540, 30.5800
0.828273, 73.593, 30.2782
0.834275, 73.647, 29.9685
0.840320, 73.701, 29.6509
0.846410, 73.756, 29.3253
0.852543, 73.812, 28.9916
0.858721, 73.868, 28.6499
0.864944, 73.926, 28.3000
0.871211, 73.984, 27.9420
0.877525, 74.042, 27.5758
0.883883, 74.101, 27.2013
0.890288, 74.161, 26.8185
0.896740, 74.222, 26.4274
0.903238, 74.283, 26.0279
0.909783, 74.344, 25.6201
0.916376, 74.406, 25.2039
0.923016, 74.469, 24.7792
0.929705, 74.532, 24.3461
0.936442, 74.595, 23.9045
0.943228, 74.659, 23.4545
0.950063, 74.723, 22.9959
0.956947, 74.788, 22.5289
0.963882, 74.853, 22.0534
0.970866, 74.918, 21.5693
0.977902, 74.983, 21.0768
0.984988, 75.049, 20.5758
0.992126, 75.115, 20.0663
0.999315, 75.180, 19.5483
1.006557, 75.246, 19.0219
1.013850, 75.312, 18.4872
1.021197, 75.378, 17.9440
1.028597, 75.444, 17.3925
1.036051, 75.510, 16.8326
1.043558, 75.575, 16.2646
1.051121, 75.640, 15.6883
1.058737, 75.705, 15.1039
1.066409, 75.770, 14.5114
1.074137, 75.834, 13.9109
1.081921, 75.898, 13.3024
1.089761, 75.961, 12.6861
1.097658, 76.023, 12.0620
1.105612, 76.086, 11.4248
1.113623, 76.148, 10.7660
1.121693, 76.210, 10.0858
1.129821, 76.272, 9.3847
1.138009, 76.334, 8.6629
1.146255, 76.396, 7.9211
1.154561, 76.459, 7.1596
1.162928, 76.521, 6.3789
1.171355, 76.583, 5.5796
1.179843, 76.646, 4.7622
1.188393, 76.708, 3.9274
1.197004, 76.770, 3.0757
1.205678, 76.833, 2.2078
1.214415, 76.895, 1.3244
1.223215, 76.958, 0.4263
1.232079, 77.020, -0.4857
1.241007, 77.083, -1.4109
1.250000, 77.145, -2.3483
1.259058, 77.208, -3.2972
1.268182, 77.271, -4.2564
1.277371, 77.333, -5.2250
1.286628, 77.396, -6.2020
1.295951, 77.459, -7.1863
1.305342, 77.521, -8.1767
1.314801, 77.584, -9.1721
1.324329, 77.647, -10.1712
1.333925, 77.710, -11.1726
1.343592, 77.773, -12.1751
1.353328, 77.836, -13.1771
1.363135, 77.899, -14.1773
1.373013, 77.962, -15.1741
1.382962, 78.026, -16.1658
1.392983, 78.089, -17.1508
1.403078, 78.152, -18.1274
1.413245, 78.216, -19.0938
1.423486, 78.279, -20.0480
1.433801, 78.343, -20.9881
1.444191, 78.407, -21.9121
1.454656, 78.470, -22.8179
1.465197, 78.534, -23.7033
1.475815, 78.598, -24.5764
1.486509, 78.662, -25.4454
1.497281, 78.725, -26.3104
1.508131, 78.787, -27.1713
1.519059, 78.850, -28.0280
1.530067, 78.912, -28.8805
1.541154, 78.974, -29.7287
1.552322, 79.035, -30.5726
1.563571, 79.096, -31.4121
1.574901, 79.158, -32.2472
1.586314, 79.219, -33.0778
1.597809, 79.280, -33.9039
1.609387, 79.340, -34.7255
1.621049, 79.401, -35.5424
1.632796, 79.462, -36.3548
1.644628, 79.523, -37.1626
1.656546, 79.583, -37.9656
1.668550, 79.644, -38.7640
1.680641, 79.706, -39.5577
1.692819, 79.767, -40.3467
1.705086, 79.828, -41.1309
1.717442, 79.890, -41.9104
1.729887, 79.952, -42.6852
1.742423, 80.015, -43.4552
1.755049, 80.078, -44.2205
1.767767, 80.142, -44.9811
1.780577, 80.206, -45.7370
1.793480, 80.271, -46.4882
1.806476, 80.336, -47.2348
1.819566, 80.403, -47.9768
1.832752, 80.470, -48.7141
1.846033, 80.538, -49.4427
1.859410, 80.606, -50.1603
1.872884, 80.675, -50.8669
1.886456, 80.744, -51.5629
1.900126, 80.813, -52.2485
1.913895, 80.883, -52.9240
1.927764, 80.954, -53.5897
1.941733, 81.024, -54.2458
1.955804, 81.095, -54.8928
1.969976, 81.167, -55.5309
1.984251, 81.239, -56.1606
1.998630, 81.311, -56.7823
2.013113, 81.383, -57.3963
2.027701, 81.456, -58.0032
2.042394, 81.528, -58.6034
2.057194, 81.601, -59.1974
2.072102, 81.675, -59.7857
2.087117, 81.748, -60.3689
2.102241, 81.822, -60.9476
2.117475, 81.896, -61.5224
2.132819, 81.970, -62.0940
2.148274, 82.044, -62.6630
2.163841, 82.118, -63.2301
2.179522, 82.192, -63.7960
2.195315, 82.266, -64.3617
2.211223, 82.340, -64.9233
2.227247, 82.415, -65.4744
2.243386, 82.490, -66.0152
2.259643, 82.566, -66.5461
2.276017, 82.642, -67.0674
2.292510, 82.718, -67.5796
2.309123, 82.794, -68.0831
2.325855, 82.870, -68.5783
2.342710, 82.947, -69.0659
2.359686, 83.023, -69.5462
2.376785, 83.100, -70.0198
2.394008, 83.176, -70.4873
2.411356, 83.253, -70.9494
2.428830, 83.329, -71.4065
2.446430, 83.405, -71.8595
2.464158, 83.480, -72.3089
2.482014, 83.555, -72.7556
2.500000, 83.630, -73.2003
2.518116, 83.704, -73.6439
2.536363, 83.778, -74.0870
2.554743, 83.851, -74.5307
2.573256, 83.923, -74.9746
2.591902, 83.994, -75.4122
2.610684, 84.065, -75.8428
2.629603, 84.135, -76.2666
2.648658, 84.205, -76.6840
2.667851, 84.274, -77.0953
2.687183, 84.342, -77.5007
2.706656, 84.410, -77.9007
2.726269, 84.477, -78.2955
2.746025, 84.544, -78.6855
2.765924, 84.610, -79.0712
2.785967, 84.676, -79.4530
2.806155, 84.742, -79.8313
2.826490, 84.807, -80.2065
2.846972, 84.873, -80.5792
2.867602, 84.937, -80.9498
2.888382, 85.002, -81.3190
2.909312, 85.067, -81.6872
2.930394, 85.131, -82.0550
2.951629, 85.195, -82.4208
2.973018, 85.258, -82.7824
2.994561, 85.321, -83.1400
3.016261, 85.383, -83.4935
3.038118, 85.445, -83.8427
3.060134, 85.506, -84.1877
3.082309, 85.567, -84.5284
3.104645, 85.627, -84.8648
3.127142, 85.687, -85.1968
3.149803, 85.746, -85.5245
3.172627, 85.805, -85.8476
3.195618, 85.864, -86.1663
3.218774, 85.923, -86.4804
3.242099, 85.982, -86.7900
3.265593, 86.040, -87.0950
3.289256, 86.099, -87.3954
3.313092, 86.158, -87.6903
3.337100, 86.216, -87.9774
3.361282, 86.273, -88.2571
3.385639, 86.330, -88.5297
3.410173, 86.387, -88.7958
3.434884, 86.443, -89.0556
3.459775, 86.499, -89.3098
3.484846, 86.554, -89.5589
3.510098, 86.610, -89.8033
3.535534, 86.665, -90.0436
3.561154, 86.720, -90.2805
3.586959, 86.776, -90.5145
3.612952, 86.832, -90.7463
3.639133, 86.888, -90.9765
3.665504, 86.944, -91.2059
3.692065, 87.000, -91.4322
3.718820, 87.056, -91.6538
3.745768, 87.112, -91.8707
3.772911, 87.167, -92.0831
3.800251, 87.223, -92.2912
3.827789, 87.278, -92.4950
3.855527, 87.334, -92.6948
3.883466, 87.390, -92.8906
3.911607, 87.446, -93.0827
3.939952, 87.503, -93.2713
3.968503, 87.560, -93.4564
3.997260, 87.618, -93.6384
4.026226, 87.677, -93.8174
4.055401, 87.736, -93.9911
4.084789, 87.796, -94.1571
4.114388, 87.855, -94.3163
4.144203, 87.916, -94.4696
4.174234, 87.976, -94.6181
4.204482, 88.038, -94.7630
4.234950, 88.100, -94.9054
4.265638, 88.162, -95.0465
4.296548, 88.225, -95.1877
4.327683, 88.289, -95.3302
4.359043, 88.354, -95.4754
4.390630, 88.419, -95.6248
4.422447, 88.486, -95.7764
4.454494, 88.553, -95.9259
4.486773, 88.622, -96.0740
4.519286, 88.691, -96.2215
4.552034, 88.760, -96.3694
4.585020, 88.831, -96.5186
4.618245, 88.902, -96.6699
4.651711, 88.974, -96.8245
4.685419, 89.047, -96.9834
4.719372, 89.120, -97.1476
4.753570, 89.194, -97.3183
4.788016, 89.269, -97.4947
4.822712, 89.345, -97.6732
4.857660, 89.422, -97.8547
4.892860, 89.500, -98.0399
4.928316, 89.578, -98.2298
4.964029, 89.658, -98.4252
5.000000, 89.737, -98.6272
5.036232, 89.817, -98.8367
5.072727, 89.897, -99.0547
5.109486, 89.976, -99.2824
5.146511, 90.056, -99.5205
5.183805, 90.136, -99.7676
5.221369, 90.217, -100.0234
5.259205, 90.298, -100.2879
5.297316, 90.379, -100.5611
5.335702, 90.460, -100.8430
5.374367, 90.541, -101.1337
5.413311, 90.621, -101.4329
5.452538, 90.701, -101.7409
5.492050, 90.779, -102.0574
5.531847, 90.857, -102.3841
5.571934, 90.934, -102.7224
5.612310, 91.012, -103.0712
5.652979, 91.088, -103.4299
5.693943, 91.164, -103.7974
5.735204, 91.239, -104.1728
5.776763, 91.312, -104.5551
5.818624, 91.384, -104.9433
5.860788, 91.455, -105.3362
5.903258, 91.524, -105.7371
5.946035, 91.592, -106.1485
5.989123, 91.658, -106.5687
6.032523, 91.723, -106.9962
6.076237, 91.786, -107.4292
6.120268, 91.848, -107.8658
6.164618, 91.908, -108.3041
6.209289, 91.967, -108.7422
6.254284, 92.023, -109.1803
6.299605, 92.077, -109.6244
6.345255, 92.130, -110.0733
6.391235, 92.180, -110.5248
6.437549, 92.229, -110.9767
6.484198, 92.276, -111.4268
6.531185, 92.321, -111.8727
6.578513, 92.365, -112.3119
6.626183, 92.407, -112.7443
6.674199, 92.446, -113.1751
6.722563, 92.484, -113.6030
6.771278, 92.520, -114.0264
6.820345, 92.554, -114.4438
6.869768, 92.587, -114.8532
6.919549, 92.620, -115.2530
6.969691, 92.651, -115.6413
7.020196, 92.681, -116.0195
7.071068, 92.710, -116.3884
7.122308, 92.737, -116.7477
7.173919, 92.763, -117.0973
7.225904, 92.789, -117.4367
7.278266, 92.815, -117.7658
7.331007, 92.842, -118.0842
7.384131, 92.869, -118.3892
7.437639, 92.895, -118.6804
7.491535, 92.921, -118.9599
7.545822, 92.948, -119.2295
7.600502, 92.975, -119.4914
7.655579, 93.003, -119.7480
7.711054, 93.033, -120.0005
7.766932, 93.064, -120.2422
7.823214, 93.095, -120.4735
7.879904, 93.128, -120.6980
7.937005, 93.161, -120.9191
7.994520, 93.196, -121.1404
8.052452, 93.233, -121.3660
8.110803, 93.271, -121.5933
8.169578, 93.310, -121.8175
8.228777, 93.351, -122.0413
8.288406, 93.393, -122.2676
8.348468, 93.436, -122.4997
8.408964, 93.479, -122.7407
8.469899, 93.523, -122.9915
8.531276, 93.568, -123.2487
8.593097, 93.614, -123.5126
8.655366, 93.660, -123.7838
8.718086, 93.707, -124.0630
8.781260, 93.752, -124.3509
8.844893, 93.797, -124.6489
8.908987, 93.842, -124.9574
8.973545, 93.886, -125.2748
9.038571, 93.930, -125.5990
9.104069, 93.973, -125.9280
9.170040, 94.015, -126.2601
9.236490, 94.056, -126.5990
9.303422, 94.096, -126.9447
9.370838, 94.135, -127.2948
9.438744, 94.173, -127.6464
9.507140, 94.209, -127.9967
9.576033, 94.242, -128.3455
9.645425, 94.274, -128.6965
9.715320, 94.304, -129.0476
9.785721, 94.332, -129.3968
9.856632, 94.357, -129.7417
9.928058, 94.379, -130.0809
10.000000, 94.397, -130.4168
10.072464, 94.412, -130.7488
10.145453, 94.425, -131.0759
10.218971, 94.437, -131.3970
10.293022, 94.447, -131.7108
10.367610, 94.454, -132.0163
10.442738, 94.459, -132.3153
10.518411, 94.464, -132.6097
10.594631, 94.469, -132.9016
10.671404, 94.476, -133.1914
10.748734, 94.482, -133.4756
10.826623, 94.489, -133.7567
10.905077, 94.496, -134.0378
10.984100, 94.504, -134.3224
11.063695, 94.513, -134.6110
11.143867, 94.522, -134.9014
11.224621, 94.532, -135.1934
11.305959, 94.542, -135.4867
11.387886, 94.551, -135.7813
11.470407, 94.561, -136.0784
11.553527, 94.569, -136.3769
11.637249, 94.578, -136.6752
11.721577, 94.587, -136.9717
11.806517, 94.596, -137.2670
11.892071, 94.604, -137.5617
11.978246, 94.612, -137.8545
12.065045, 94.621, -138.1442
12.152473, 94.630, -138.4303
12.240536, 94.639, -138.7139
12.329235, 94.648, -138.9938
12.418578, 94.658, -139.2688
12.508568, 94.668, -139.5376
12.599211, 94.678, -139.8000
12.690510, 94.688, -140.0576
12.782471, 94.699, -140.3124
12.875097, 94.711, -140.5648
12.968395, 94.724, -140.8121
13.062370, 94.737, -141.0576
13.157025, 94.752, -141.3052
13.252366, 94.768, -141.5566
13.348398, 94.786, -141.8089
13.445127, 94.805, -142.0646
13.542556, 94.824, -142.3265
13.640691, 94.844, -142.5956
13.739536, 94.865, -142.8705
13.839099, 94.886, -143.1518
13.939383, 94.907, -143.4398
14.040393, 94.927, -143.7368
14.142136, 94.947, -144.0404
14.244616, 94.966, -144.3469
14.347837, 94.984, -144.6545
14.451808, 95.000, -144.9663
14.556532, 95.015, -145.2782
14.662014, 95.030, -145.5855
14.768262, 95.044, -145.8885
14.875278, 95.057, -146.1881
14.983070, 95.071, -146.4826
15.091644, 95.085, -146.7704
15.201005, 95.100, -147.0518
15.311157, 95.115, -147.3287
15.422109, 95.132, -147.6027
15.533863, 95.149, -147.8706
15.646428, 95.168, -148.1366
15.759809, 95.188, -148.4071
15.874010, 95.209, -148.6802
15.989040, 95.231, -148.9570
16.104904, 95.254, -149.2445
16.221605, 95.276, -149.5458
16.339155, 95.299, -149.8583
16.457554, 95.322, -150.1831
16.576813, 95.343, -150.5226
16.696936, 95.363, -150.8764
16.817928, 95.381, -151.2377
16.939798, 95.397, -151.6049
17.062551, 95.410, -151.9807
17.186193, 95.421, -152.3532
17.310732, 95.429, -152.7173
17.436172, 95.434, -153.0766
17.562521, 95.436, -153.4203
17.689787, 95.436, -153.7428
17.817974, 95.436, -154.0471
17.947090, 95.435, -154.3303
18.077143, 95.436, -154.5885
18.208138, 95.437, -154.8253
18.340080, 95.439, -155.0488
18.472980, 95.445, -155.2537
18.606844, 95.454, -155.4494
18.741676, 95.467, -155.6502
18.877487, 95.485, -155.8495
19.014280, 95.506, -156.0614
19.152065, 95.529, -156.2966
19.290850, 95.556, -156.5508
19.430639, 95.583, -156.8318
19.571442, 95.611, -157.1439
19.713264, 95.637, -157.4816
19.856115, 95.660, -157.8412
20.000000, 95.680, -158.2263
20.144928, 95.696, -158.6190
20.290907, 95.707, -159.0179
20.437943, 95.713, -159.4167
20.586044, 95.714, -159.7944
20.735220, 95.711, -160.1559
20.885475, 95.706, -160.4865
21.036821, 95.698, -160.7790
21.189262, 95.691, -161.0374
21.342808, 95.686, -161.2591
21.497467, 95.683, -161.4440
21.653246, 95.686, -161.6131
21.810154, 95.694, -161.7607
21.968201, 95.709, -161.9114
22.127390, 95.731, -162.0779
22.287735, 95.757, -162.2639
22.449242, 95.787, -162.4931
22.611917, 95.820, -162.7611
22.775772, 95.852, -163.0727
22.940815, 95.882, -163.4316
23.107054, 95.907, -163.8171
23.274498, 95.925, -164.2323
23.443153, 95.938, -164.6514
23.613033, 95.944, -165.0625
23.784142, 95.944, -165.4555
23.956491, 95.941, -165.8090
24.130091, 95.935, -166.1277
24.304947, 95.930, -166.4038
24.481071, 95.927, -166.6438
24.658470, 95.930, -166.8651
24.837156, 95.937, -167.0698
25.017136, 95.949, -167.2893
25.198421, 95.967, -167.5227
25.381020, 95.985, -167.7927
25.564941, 96.005, -168.0971
25.750195, 96.021, -168.4347
25.936790, 96.033, -168.8027
26.124741, 96.039, -169.1780
26.314051, 96.040, -169.5576
26.504732, 96.034, -169.9125
26.696796, 96.024, -170.2421
26.890253, 96.013, -170.5292
27.085112, 96.001, -170.7791
27.281382, 95.992, -170.9925
27.479073, 95.987, -171.1823
27.678198, 95.988, -171.3584
27.878765, 95.993, -171.5376
28.080786, 96.003, -171.7287
28.284271, 96.016, -171.9427
28.489231, 96.031, -172.1828
28.695675, 96.046, -172.4500
28.903616, 96.061, -172.7431
29.113064, 96.074, -173.0572
29.324028, 96.086, -173.3892
29.536524, 96.095, -173.7357
29.750557, 96.101, -174.0923
29.966141, 96.105, -174.4577
30.183289, 96.106, -174.8262
30.402010, 96.103, -175.1946
30.622314, 96.098, -175.5569
30.844217, 96.090, -175.9068
31.067726, 96.081, -176.2410
31.292856, 96.071, -176.5564
31.519617, 96.062, -176.8559
31.748020, 96.055, -177.1420
31.978081, 96.050, -177.4256
32.209808, 96.047, -177.7110
32.443211, 96.045, -178.0076
32.678310, 96.044, -178.3160
32.915108, 96.042, -178.6367
33.153625, 96.039, -178.9629
33.393871, 96.034, -179.2883
33.635857, 96.027, -179.6071
33.879597, 96.021, -179.9144
34.125103, 96.015, 179.7876
34.372387, 96.011, 179.4969
34.621464, 96.009, 179.2054
34.872345, 96.007, 178.9095
35.125042, 96.006, 178.6066
35.379574, 96.004, 178.2984
35.635948, 96.000, 177.9901
35.894180, 95.996, 177.6854
36.154285, 95.991, 177.3887
36.416275, 95.988, 177.0973
36.680161, 95.985, 176.8066
36.945961, 95.983, 176.5105
37.213688, 95.982, 176.2024
37.483353, 95.979, 175.8838
37.754974, 95.974, 175.5589
38.028561, 95.966, 175.2364
38.304131, 95.956, 174.9273
38.581699, 95.946, 174.6341
38.861279, 95.937, 174.3545
39.142883, 95.929, 174.0805
39.426529, 95.924, 173.7975
39.712231, 95.919, 173.4981
40.000000, 95.912, 173.1821
40.289856, 95.903, 172.8557
40.581814, 95.889, 172.5339
40.875885, 95.872, 172.2318
41.172089, 95.855, 171.9547
41.470440, 95.839, 171.6996
41.770950, 95.826, 171.4558
42.073643, 95.816, 171.2064
42.378525, 95.809, 170.9373
42.685616, 95.802, 170.6455
42.994934, 95.793, 170.3357
43.306492, 95.781, 170.0177
43.620308, 95.766, 169.7023
43.936401, 95.750, 169.3967
44.254780, 95.733, 169.1010
44.575470, 95.716, 168.8096
44.898483, 95.701, 168.5165
45.223835, 95.685, 168.2183
45.551544, 95.669, 167.9146
45.881630, 95.653, 167.6074
46.214108, 95.637, 167.2991
46.548996, 95.620, 166.9898
46.886307, 95.604, 166.6776
47.226067, 95.588, 166.3602
47.568283, 95.571, 166.0385
47.912983, 95.552, 165.7180
48.260181, 95.532, 165.4066
48.609894, 95.512, 165.1110
48.962143, 95.493, 164.8318
49.316940, 95.476, 164.5630
49.674313, 95.462, 164.2935
50.034271, 95.450, 164.0138
50.396843, 95.439, 163.7198
50.762039, 95.426, 163.4144
51.129883, 95.413, 163.1034
51.500389, 95.398, 162.7904
51.873581, 95.383, 162.4748
52.249481, 95.365, 162.1547
52.628101, 95.345, 161.8321
53.009464, 95.322, 161.5150
53.393593, 95.297, 161.2144
53.780506, 95.270, 160.9359
54.170223, 95.245, 160.6750
54.562763, 95.223, 160.4185
54.958145, 95.202, 160.1523
55.356396, 95.182, 159.8698
55.757530, 95.161, 159.5740
56.161572, 95.137, 159.2735
56.568542, 95.112, 158.9759
56.978462, 95.087, 158.6837
57.391350, 95.061, 158.3946
57.807232, 95.036, 158.1041
58.226128, 95.011, 157.8088
58.648056, 94.985, 157.5093
59.073048, 94.957, 157.2107
59.501114, 94.928, 156.9204
59.932281, 94.899, 156.6417
60.366577, 94.871, 156.3689
60.804020, 94.845, 156.0895
61.244629, 94.819, 155.7949
61.688435, 94.791, 155.4886
62.135452, 94.761, 155.1857
62.585712, 94.728, 154.8992
63.039234, 94.696, 154.6287
63.496040, 94.666, 154.3636
63.956161, 94.636, 154.0949
64.419617, 94.606, 153.8229
64.886421, 94.576, 153.5496
65.356621, 94.547, 153.2700
65.830215, 94.518, 152.9758
66.307251, 94.485, 152.6717
66.787743, 94.448, 152.3774
67.271713, 94.410, 152.1089
67.759193, 94.373, 151.8582
68.250206, 94.339, 151.6025
68.744774, 94.305, 151.3332
69.242928, 94.268, 151.0684
69.744690, 94.231, 150.8256
70.250084, 94.198, 150.5903
70.759148, 94.168, 150.3252
71.271896, 94.137, 150.0165
71.788361, 94.098, 149.6959
72.308571, 94.054, 149.4073
72.832550, 94.010, 149.1599
73.360321, 93.971, 148.9232
73.891922, 93.934, 148.6678
74.427376, 93.896, 148.3910
74.966705, 93.854, 148.1083
75.509949, 93.808, 147.8372
76.057121, 93.759, 147.5967
76.608261, 93.710, 147.4057
77.163399, 93.668, 147.2528
77.722557, 93.637, 147.0741
78.285767, 93.611, 146.8042
78.853058, 93.573, 146.4473
79.424461, 93.516, 146.0939
80.000000, 93.447, 145.8494
80.579712, 93.382, 145.7277
81.163628, 93.335, 145.6479
81.751770, 93.304, 145.5057
82.344177, 93.277, 145.2578
82.940880, 93.245, 144.9292
83.541901, 93.205, 144.5608
84.147285, 93.157, 144.1739
84.757050, 93.102, 143.7812
85.371231, 93.036, 143.4163
85.989868, 92.963, 143.1314
86.612984, 92.891, 142.9609
87.240616, 92.830, 142.8868
87.872803, 92.788, 142.8429
88.509560, 92.763, 142.7460
89.150940, 92.742, 142.5518
89.796967, 92.715, 142.2811
90.447670, 92.675, 141.9958
91.103088, 92.628, 141.7425
91.763260, 92.578, 141.5224
92.428215, 92.527, 141.3179
93.097992, 92.476, 141.1212
93.772614, 92.423, 140.9317
94.452133, 92.370, 140.7426
95.136566, 92.316, 140.5440
95.825966, 92.260, 140.3378
96.520363, 92.200, 140.1359
97.219788, 92.138, 139.9462
97.924286, 92.074, 139.7656
98.633881, 92.010, 139.5885
99.348625, 91.944, 139.4143
100.068542, 91.876, 139.2462
100.793686, 91.807, 139.0863
101.524078, 91.737, 138.9315
102.259766, 91.669, 138.7747
103.000778, 91.600, 138.6122
103.747162, 91.531, 138.4489
104.498962, 91.464, 138.2919
105.256203, 91.397, 138.1437
106.018929, 91.333, 138.0019
106.787186, 91.270, 137.8632
107.561012, 91.208, 137.7286
108.340446, 91.145, 137.6060
109.125526, 91.080, 137.5052
109.916290, 91.016, 137.4279
110.712791, 90.953, 137.3654
111.515060, 90.891, 137.3019
112.323143, 90.828, 137.2244
113.137085, 90.763, 137.1326
113.956924, 90.693, 137.0385
114.782700, 90.620, 136.9522
115.614464, 90.546, 136.8747
116.452255, 90.472, 136.8053
117.296112, 90.399, 136.7461
118.146095, 90.328, 136.6918
119.002228, 90.260, 136.6271
119.864563, 90.191, 136.5444
120.733154, 90.119, 136.4563
121.608040, 90.044, 136.3818
122.489258, 89.964, 136.3346
123.376869, 89.884, 136.3213
124.270905, 89.807, 136.3305
125.171425, 89.734, 136.3387
126.078468, 89.664, 136.3344
126.992081, 89.596, 136.3205
127.912323, 89.530, 136.3024
128.839233, 89.464, 136.2864
129.772842, 89.397, 136.2800
130.713242, 89.328, 136.2867
131.660431, 89.256, 136.3051
132.614502, 89.179, 136.3337
133.575485, 89.098, 136.3780
134.543427, 89.017, 136.4438
135.518387, 88.943, 136.5150
136.500412, 88.876, 136.5620
137.489548, 88.812, 136.5873
138.485855, 88.749, 136.6293
139.489380, 88.682, 136.7200
140.500168, 88.611, 136.8808
141.518295, 88.532, 137.1394
142.543793, 88.452, 137.4911
143.576721, 88.382, 137.8488
144.617142, 88.318, 138.0911
145.665100, 88.249, 138.1815
146.720642, 88.172, 138.1823
147.783844, 88.093, 138.1596
148.854752, 88.017, 138.1472
149.933411, 87.947, 138.1718
151.019897, 87.878, 138.2549
152.114243, 87.809, 138.4059
153.216522, 87.735, 138.6316
154.326797, 87.656, 138.9406
155.445114, 87.577, 139.3219
156.571533, 87.507, 139.7206
157.706116, 87.446, 140.0670
158.848923, 87.386, 140.3383
160.000000, 87.322, 140.5679
161.159424, 87.256, 140.7867
162.327255, 87.189, 140.9915
163.503540, 87.121, 141.1715
164.688354, 87.047, 141.3480
165.881760, 86.967, 141.5707
167.083801, 86.890, 141.8577
168.294571, 86.819, 142.1866
169.514099, 86.754, 142.5352
170.742462, 86.696, 142.8738
171.979736, 86.642, 143.1718
173.225967, 86.588, 143.4464
174.481232, 86.538, 143.7409
175.745605, 86.496, 144.0658
177.019119, 86.463, 144.4156
178.301880, 86.436, 144.7826
179.593933, 86.406, 145.1551
180.895340, 86.366, 145.5552
182.206177, 86.317, 146.0125
183.526520, 86.264, 146.5023
184.856430, 86.210, 146.9773
186.195984, 86.156, 147.4187
187.545227, 86.106, 147.8134
188.904266, 86.060, 148.1475
190.273132, 86.012, 148.4425
191.651932, 85.958, 148.7705
193.040726, 85.899, 149.2064
194.439575, 85.845, 149.7365
195.848572, 85.804, 150.2189
197.267761, 85.769, 150.4943
198.697250, 85.728, 150.5511
200.137085, 85.678, 150.5536
201.587372, 85.633, 150.7289
203.048157, 85.612, 151.2147
204.519531, 85.622, 151.9608
206.001556, 85.642, 152.7844
207.494324, 85.642, 153.5287
208.997925, 85.609, 154.1388
210.512405, 85.555, 154.6202
212.037857, 85.506, 154.9995
213.574371, 85.483, 155.3097
215.122025, 85.488, 155.5818
216.680893, 85.505, 155.8607
218.251053, 85.522, 156.1951
219.832581, 85.532, 156.5838
221.425583, 85.536, 156.9750
223.030121, 85.530, 157.3449
224.646286, 85.520, 157.7195
226.274170, 85.513, 158.1030
227.913849, 85.512, 158.4611
229.565399, 85.513, 158.7795
231.228928, 85.510, 159.0907
232.904510, 85.507, 159.4330
234.592224, 85.509, 159.7975
236.292191, 85.516, 160.1408
238.004456, 85.524, 160.4496
239.729126, 85.526, 160.7555
241.466309, 85.525, 161.0827
243.216080, 85.521, 161.4200
244.978516, 85.518, 161.7422
246.753738, 85.517, 162.0245
248.541809, 85.523, 162.2443
250.342850, 85.531, 162.4058
252.156937, 85.538, 162.5557
253.984161, 85.545, 162.7511
255.824646, 85.555, 163.0142
257.678467, 85.570, 163.3284
259.545685, 85.583, 163.6704
261.426483, 85.591, 164.0307
263.320862, 85.599, 164.3904
265.229004, 85.610, 164.7088
267.150970, 85.621, 164.9680
269.086853, 85.631, 165.1886
271.036774, 85.638, 165.3892
273.000824, 85.641, 165.5773
274.979095, 85.642, 165.7750
276.971710, 85.646, 166.0073
278.978760, 85.658, 166.2651
281.000336, 85.680, 166.5106
283.036591, 85.710, 166.7108
285.087585, 85.742, 166.8596
287.153442, 85.772, 166.9841
289.234283, 85.797, 167.1238
291.330200, 85.816, 167.2979
293.441284, 85.835, 167.4880
295.567688, 85.853, 167.6619
297.709503, 85.868, 167.8079
299.866821, 85.879, 167.9423
302.039795, 85.887, 168.0879
304.228485, 85.893, 168.2563
306.433044, 85.899, 168.4586
308.653595, 85.909, 168.6983
310.890228, 85.925, 168.9444
313.143066, 85.947, 169.1497
315.412231, 85.967, 169.2968
317.697845, 85.975, 169.4161
320.000000, 85.973, 169.5491
322.318848, 85.974, 169.6930
324.654510, 85.988, 169.8223
327.007080, 86.015, 169.9396
329.376709, 86.048, 170.0529
331.763519, 86.077, 170.1501
334.167603, 86.096, 170.2141
336.589142, 86.106, 170.2440
339.028198, 86.111, 170.2572
341.484924, 86.116, 170.2757
343.959473, 86.122, 170.3261
346.451935, 86.129, 170.4308
348.962463, 86.136, 170.5766
351.491211, 86.144, 170.7216
354.038239, 86.152, 170.8391
356.603760, 86.161, 170.9327
359.187866, 86.171, 171.0147
361.790680, 86.181, 171.0921
364.412354, 86.193, 171.1718
367.053040, 86.204, 171.2560
369.712860, 86.214, 171.3303
372.391968, 86.222, 171.3865
375.090454, 86.228, 171.4384
377.808533, 86.232, 171.5072
380.546265, 86.234, 171.6026
383.303864, 86.233, 171.7105
386.081451, 86.232, 171.8068
388.879150, 86.235, 171.8805
391.697144, 86.238, 171.9419
394.535522, 86.240, 172.0056
397.394501, 86.242, 172.0731
400.274170, 86.243, 172.1421
403.174744, 86.245, 172.2162
406.096313, 86.247, 172.2949
409.039062, 86.250, 172.3679
412.003113, 86.253, 172.4321
414.988647, 86.255, 172.5032
417.995850, 86.256, 172.5961
421.024811, 86.254, 172.7018
424.075714, 86.252, 172.7990
427.148743, 86.251, 172.8782
430.244049, 86.252, 172.9449
433.361786, 86.254, 173.0052
436.502106, 86.262, 173.0616
439.665161, 86.271, 173.1205
442.851166, 86.278, 173.1919
446.060242, 86.280, 173.2816
449.292572, 86.280, 173.3837
452.548340, 86.278, 173.4847
455.827698, 86.278, 173.5775
459.130798, 86.279, 173.6671
462.457855, 86.281, 173.7570
465.809021, 86.284, 173.8406
469.184448, 86.286, 173.9176
472.584381, 86.287, 173.9984
476.008911, 86.285, 174.0936
479.458252, 86.281, 174.2092
482.932617, 86.277, 174.3439
486.432159, 86.272, 174.4814
489.957031, 86.269, 174.5968
493.507477, 86.268, 174.6805
497.083618, 86.271, 174.7465
500.685699, 86.274, 174.8062
504.313873, 86.277, 174.8565
507.968323, 86.279, 174.9083
511.649292, 86.281, 174.9939
515.356934, 86.285, 175.1302
519.091370, 86.288, 175.2922
522.852966, 86.289, 175.4315
526.641724, 86.286, 175.5247
530.458008, 86.282, 175.5875
534.301941, 86.277, 175.6451
538.173706, 86.275, 175.7150
542.073547, 86.275, 175.8074
546.001648, 86.278, 175.9163
549.958191, 86.285, 176.0285
553.943420, 86.294, 176.1384
557.957520, 86.303, 176.2444
562.000671, 86.309, 176.3451
566.073181, 86.312, 176.4408
570.175171, 86.313, 176.5386
574.306885, 86.314, 176.6486
578.468567, 86.313, 176.7734
582.660400, 86.313, 176.9080
586.882568, 86.315, 177.0436
591.135376, 86.319, 177.1740
595.419006, 86.324, 177.2984
599.733643, 86.330, 177.4186
604.079590, 86.335, 177.5351
608.456970, 86.340, 177.6495
612.866089, 86.345, 177.7648
617.307190, 86.349, 177.8837
621.780457, 86.353, 178.0078
626.286133, 86.356, 178.1394
630.824463, 86.360, 178.2791
635.395691, 86.364, 178.4232
640.000000, 86.367, 178.5674
644.637695, 86.371, 178.7102
649.309021, 86.375, 178.8529
654.014160, 86.381, 178.9966
658.753418, 86.388, 179.1404
663.527039, 86.396, 179.2831
668.335205, 86.401, 179.4234
673.178284, 86.404, 179.5627
678.056396, 86.408, 179.7030
682.969849, 86.415, 179.8437
687.918945, 86.424, 179.9834
692.903870, 86.433, -179.8769
697.924927, 86.440, -179.7328
702.982422, 86.447, -179.5784
708.076477, 86.455, -179.4133
713.207520, 86.464, -179.2429
718.375732, 86.475, -179.0755
723.581360, 86.487, -178.9193
728.824707, 86.500, -178.7747
734.106079, 86.512, -178.6291
739.425720, 86.525, -178.4652
744.783936, 86.538, -178.2789
750.180908, 86.551, -178.0865
755.617065, 86.564, -177.9085
761.092529, 86.577, -177.7496
766.607727, 86.591, -177.5993
772.162903, 86.607, -177.4444
777.758301, 86.625, -177.2783
783.394287, 86.643, -177.1063
789.071045, 86.661, -176.9385
794.789001, 86.678, -176.7790
800.548340, 86.696, -176.6225
806.349487, 86.714, -176.4617
812.192627, 86.734, -176.2953
818.078125, 86.755, -176.1292
824.006226, 86.776, -175.9680
829.977295, 86.797, -175.8103
835.991699, 86.819, -175.6492
842.049622, 86.843, -175.4806
848.151428, 86.869, -175.3123
854.297485, 86.896, -175.1574
860.488098, 86.922, -175.0204
866.723572, 86.948, -174.8933
873.004211, 86.974, -174.7637
879.330322, 87.001, -174.6254
885.702332, 87.029, -174.4822
892.120483, 87.057, -174.3432
898.585144, 87.086, -174.2132
905.096680, 87.115, -174.0903
911.655396, 87.145, -173.9704
918.261597, 87.178, -173.8544
924.915710, 87.210, -173.7468
931.618042, 87.242, -173.6517
938.368896, 87.273, -173.5651
945.168762, 87.304, -173.4767
952.017822, 87.336, -173.3797
958.916504, 87.369, -173.2788
965.865234, 87.403, -173.1870
972.864319, 87.438, -173.1152
979.914062, 87.473, -173.0647
987.014954, 87.508, -173.0261
994.167236, 87.542, -172.9848
1001.371399, 87.576, -172.9336
1008.627747, 87.609, -172.8791
1015.936646, 87.642, -172.8344
1023.298584, 87.676, -172.8079
1030.713867, 87.710, -172.7974
1038.182739, 87.745, -172.7932
1045.705933, 87.779, -172.7883
1053.283447, 87.813, -172.7854
1060.916016, 87.846, -172.7924
1068.603882, 87.877, -172.8103
1076.347412, 87.909, -172.8312
1084.147095, 87.943, -172.8483
1092.003296, 87.980, -172.8645
1099.916382, 88.018, -172.8895
1107.886841, 88.057, -172.9253
1115.915039, 88.094, -172.9630
1124.001343, 88.130, -172.9924
1132.146362, 88.166, -173.0136
1140.350342, 88.204, -173.0381
1148.613770, 88.243, -173.0787
1156.937134, 88.283, -173.1370
1165.320801, 88.322, -173.1992
1173.765137, 88.359, -173.2486
1182.270752, 88.394, -173.2812
1190.838013, 88.428, -173.3083
1199.467285, 88.461, -173.3425
1208.159180, 88.494, -173.3867
1216.913940, 88.530, -173.4337
1225.732178, 88.568, -173.4755
1234.614380, 88.608, -173.5116
1243.560913, 88.649, -173.5488
1252.572266, 88.690, -173.5919
1261.648926, 88.730, -173.6374
1270.791382, 88.769, -173.6745
1280.000000, 88.807, -173.6946
1289.275391, 88.845, -173.7000
1298.618042, 88.882, -173.7018
1308.028320, 88.920, -173.7103
1317.506836, 88.959, -173.7266
1327.054077, 88.999, -173.7431
1336.670410, 89.038, -173.7536
1346.356567, 89.072, -173.7578
1356.112793, 89.101, -173.7585
1365.939697, 89.127, -173.7560
1375.837891, 89.157, -173.7491
1385.807739, 89.192, -173.7394
1395.849854, 89.234, -173.7338
1405.964844, 89.281, -173.7406
1416.152954, 89.331, -173.7610
1426.415039, 89.384, -173.7868
1436.751465, 89.438, -173.8084
1447.162720, 89.492, -173.8253
1457.649414, 89.545, -173.8461
1468.212158, 89.598, -173.8804
1478.851440, 89.653, -173.9326
1489.567871, 89.710, -174.0023
1500.361816, 89.768, -174.0860
1511.234131, 89.826, -174.1802
1522.185059, 89.885, -174.2834
1533.215454, 89.942, -174.3976
1544.325806, 89.999, -174.5263
1555.516602, 90.054, -174.6694
1566.788574, 90.107, -174.8198
1578.142090, 90.158, -174.9697
1589.578003, 90.207, -175.1197
1601.096680, 90.255, -175.2784
1612.698975, 90.302, -175.4525
1624.385254, 90.348, -175.6391
1636.156250, 90.393, -175.8283
1648.012451, 90.438, -176.0145
1659.954590, 90.484, -176.2000
1671.983398, 90.529, -176.3903
1684.099243, 90.576, -176.5861
1696.302856, 90.622, -176.7831
1708.594971, 90.666, -176.9746
1720.976196, 90.707, -177.1557
1733.447144, 90.745, -177.3275
1746.008423, 90.783, -177.4965
1758.660645, 90.822, -177.6703
1771.404663, 90.865, -177.8534
1784.240967, 90.910, -178.0443
1797.170288, 90.955, -178.2361
1810.193359, 91.000, -178.4219
1823.310791, 91.043, -178.5988
1836.523193, 91.084, -178.7700
1849.831421, 91.125, -178.9418
1863.236084, 91.168, -179.1196
1876.737793, 91.213, -179.3052
1890.337524, 91.260, -179.4966
1904.035645, 91.307, -179.6907
1917.833008, 91.355, -179.8846
1931.730469, 91.402, 179.9232
1945.728638, 91.448, 179.7325
1959.828125, 91.494, 179.5410
1974.029907, 91.542, 179.3447
1988.334473, 91.591, 179.1406
2002.742798, 91.641, 178.9290
2017.255493, 91.692, 178.7130
2031.873291, 91.744, 178.4951
2046.597168, 91.796, 178.2744
2061.427734, 91.849, 178.0475
2076.365479, 91.902, 177.8122
2091.411865, 91.956, 177.5695
2106.566895, 92.010, 177.3229
2121.832031, 92.065, 177.0732
2137.207764, 92.120, 176.8175
2152.694824, 92.176, 176.5519
2168.294189, 92.234, 176.2758
2184.006592, 92.293, 175.9907
2199.832764, 92.352, 175.6986
2215.773682, 92.410, 175.3999
2231.830078, 92.468, 175.0930
2248.002686, 92.526, 174.7757
2264.292725, 92.585, 174.4473
2280.700684, 92.643, 174.1098
2297.227539, 92.701, 173.7656
2313.874268, 92.760, 173.4139
2330.641602, 92.819, 173.0513
2347.530273, 92.879, 172.6744
2364.541504, 92.941, 172.2841
2381.676025, 93.002, 171.8835
2398.934570, 93.062, 171.4755
2416.318359, 93.121, 171.0592
2433.827881, 93.180, 170.6312
2451.464355, 93.240, 170.1893
2469.228760, 93.300, 169.7346
2487.121826, 93.360, 169.2698
2505.144531, 93.420, 168.7961
2523.297852, 93.478, 168.3114
2541.582764, 93.537, 167.8133
2560.000000, 93.595, 167.3016
2578.550781, 93.652, 166.7784
2597.236084, 93.709, 166.2455
2616.056641, 93.765, 165.7033
2635.013672, 93.821, 165.1500
2654.108154, 93.877, 164.5832
2673.340820, 93.932, 164.0018
2692.713135, 93.987, 163.4080
2712.225586, 94.040, 162.8044
2731.879395, 94.091, 162.1921
2751.675781, 94.140, 161.5686
2771.615479, 94.189, 160.9300
2791.699707, 94.239, 160.2733
2811.929688, 94.288, 159.5986
2832.305908, 94.335, 158.9110
2852.830078, 94.378, 158.2177
2873.502930, 94.418, 157.5230
2894.325439, 94.456, 156.8254
2915.298828, 94.495, 156.1211
2936.424316, 94.535, 155.4111
2957.702881, 94.575, 154.6998
2979.135742, 94.614, 153.9882
3000.723633, 94.653, 153.2688
3022.468262, 94.693, 152.5293
3044.370117, 94.733, 151.7606
3066.430908, 94.774, 150.9605
3088.651611, 94.813, 150.1302
3111.033203, 94.848, 149.2702
3133.577148, 94.879, 148.3810
3156.284180, 94.906, 147.4663
3179.156006, 94.928, 146.5334
3202.193359, 94.944, 145.5920
3225.397949, 94.953, 144.6520
3248.770508, 94.956, 143.7213
3272.312500, 94.954, 142.8061
3296.024902, 94.948, 141.9125
3319.909180, 94.941, 141.0453
3343.966797, 94.932, 140.2056
3368.198486, 94.924, 139.3895
3392.605713, 94.918, 138.5881
3417.189941, 94.914, 137.7917
3441.952393, 94.914, 136.9924
3466.894287, 94.916, 136.1852
3492.016846, 94.918, 135.3652
3517.321289, 94.921, 134.5286
3542.809326, 94.923, 133.6745
3568.481934, 94.925, 132.8055
3594.340576, 94.924, 131.9256
3620.386719, 94.921, 131.0378
3646.621582, 94.915, 130.1428
3673.046387, 94.907, 129.2414
3699.662842, 94.898, 128.3363
3726.472168, 94.885, 127.4302
3753.475586, 94.871, 126.5239
3780.675049, 94.854, 125.6169
3808.071289, 94.836, 124.7085
3835.666016, 94.815, 123.8000
3863.460938, 94.791, 122.8941
3891.457275, 94.763, 121.9914
3919.656250, 94.732, 121.0901
3948.059814, 94.700, 120.1889
3976.668945, 94.665, 119.2886
4005.485596, 94.629, 118.3906
4034.510986, 94.591, 117.4959
4063.746582, 94.550, 116.6045
4093.194336, 94.507, 115.7157
4122.855469, 94.462, 114.8287
4152.730957, 94.417, 113.9430
4182.823730, 94.370, 113.0594
4213.133789, 94.320, 112.1791
4243.664062, 94.268, 111.3024
4274.415527, 94.213, 110.4279
4305.389648, 94.156, 109.5542
4336.588379, 94.095, 108.6816
4368.013184, 94.029, 107.8122
4399.665527, 93.961, 106.9468
4431.547363, 93.889, 106.0857
4463.660156, 93.814, 105.2301
4496.005371, 93.736, 104.3815
4528.585449, 93.656, 103.5399
4561.401367, 93.575, 102.7039
4594.455078, 93.492, 101.8741
4627.748535, 93.407, 101.0532
4661.283203, 93.319, 100.2432
4695.060547, 93.229, 99.4444
4729.083008, 93.137, 98.6567
4763.352051, 93.044, 97.8771
4797.869141, 92.949, 97.1011
4832.636719, 92.850, 96.3354
4867.655762, 92.750, 95.5962
4902.928711, 92.650, 94.8926
4938.457520, 92.552, 94.2228
4974.243652, 92.456, 93.5774
5010.289062, 92.359, 92.9373
5046.595703, 92.263, 92.2880
5083.165527, 92.166, 91.6325
5120.000000, 92.069, 90.9808
5157.101562, 91.971, 90.3389
5194.472168, 91.872, 89.7058
5232.113281, 91.773, 89.0771
5270.027344, 91.672, 88.4555
5308.216309, 91.570, 87.8477
5346.681641, 91.467, 87.2556
5385.426270, 91.363, 86.6788
5424.451172, 91.257, 86.1155
5463.758789, 91.152, 85.5608
5503.351562, 91.045, 85.0121
5543.230957, 90.936, 84.4765
5583.399414, 90.826, 83.9641
5623.859375, 90.714, 83.4793
5664.611816, 90.599, 83.0258
5705.660156, 90.483, 82.6123
5747.005859, 90.364, 82.2479
5788.650879, 90.243, 81.9366
5830.597656, 90.123, 81.6794
5872.848633, 90.005, 81.4778
5915.405762, 89.893, 81.3354
5958.271484, 89.787, 81.2546
6001.447266, 89.689, 81.2284
6044.936523, 89.601, 81.2418
6088.740234, 89.521, 81.2806
6132.861816, 89.452, 81.3344
6177.303223, 89.391, 81.3969
6222.066406, 89.340, 81.4643
6267.154297, 89.299, 81.5346
6312.568359, 89.267, 81.6071
6358.312012, 89.244, 81.6799
6404.386719, 89.229, 81.7489
6450.795898, 89.223, 81.8087
6497.541016, 89.225, 81.8542
6544.625000, 89.237, 81.8798
6592.049805, 89.258, 81.8801
6639.818359, 89.289, 81.8522
6687.933594, 89.330, 81.7961
6736.396973, 89.380, 81.7113
6785.211426, 89.442, 81.5946
6834.379883, 89.517, 81.4416
6883.904785, 89.608, 81.2492
6933.788574, 89.717, 81.0131
6984.033691, 89.842, 80.7251
7034.642578, 89.981, 80.3770
7085.618652, 90.133, 79.9607
7136.963867, 90.297, 79.4649
7188.681152, 90.472, 78.8750
7240.773438, 90.656, 78.1777
7293.243164, 90.848, 77.3624
7346.092773, 91.050, 76.4200
7399.325684, 91.259, 75.3365
7452.944336, 91.476, 74.0917
7506.951172, 91.700, 72.6679
7561.350098, 91.932, 71.0504
7616.142578, 92.171, 69.2207
7671.332031, 92.411, 67.1576
7726.921875, 92.639, 64.8446
7782.914551, 92.836, 62.2742
7839.312500, 92.995, 59.4492
7896.119629, 93.112, 56.3838
7953.337891, 93.187, 53.1022
8010.971191, 93.217, 49.6402
8069.021973, 93.199, 46.0452
8127.493164, 93.127, 42.3743
8186.388672, 93.001, 38.6897
8245.710938, 92.821, 35.0553
8305.461914, 92.589, 31.5329
8365.647461, 92.308, 28.1775
8426.267578, 91.985, 25.0334
8487.328125, 91.625, 22.1321
8548.831055, 91.235, 19.4925
8610.779297, 90.822, 17.1230
8673.176758, 90.390, 15.0223
8736.026367, 89.947, 13.1807
8799.331055, 89.498, 11.5830
8863.094727, 89.049, 10.2103
8927.320312, 88.604, 9.0419
8992.010742, 88.165, 8.0569
9057.170898, 87.735, 7.2343
9122.802734, 87.314, 6.5544
9188.910156, 86.902, 5.9990
9255.497070, 86.498, 5.5516
9322.566406, 86.104, 5.1976
9390.121094, 85.718, 4.9263
9458.166016, 85.339, 4.7334
9526.704102, 84.966, 4.6198
9595.738281, 84.597, 4.5898
9665.273438, 84.231, 4.6528
9735.311523, 83.869, 4.8235
9805.857422, 83.512, 5.1199
9876.915039, 83.160, 5.5594
9948.487305, 82.816, 6.1541
10020.578125, 82.484, 6.9084
10093.191406, 82.169, 7.8192
10166.331055, 81.876, 8.8737
10240.000000, 81.609, 10.0511
10314.203125, 81.371, 11.3242
10388.944336, 81.165, 12.6609
10464.226562, 80.993, 14.0269
10540.054688, 80.854, 15.3888
10616.432617, 80.747, 16.7151
10693.363281, 80.669, 17.9769
10770.852539, 80.619, 19.1479
10848.902344, 80.592, 20.2045
10927.517578, 80.586, 21.1271
11006.703125, 80.594, 21.9025
11086.461914, 80.609, 22.5263
11166.798828, 80.624, 23.0063
11247.718750, 80.631, 23.3665
11329.223633, 80.624, 23.6484
11411.320312, 80.600, 23.9127
11494.011719, 80.556, 24.2350
11577.301758, 80.497, 24.6996
11661.195312, 80.430, 25.3890
11745.697266, 80.369, 26.3710
11830.811523, 80.332, 27.6819
11916.542969, 80.343, 29.3139
12002.894531, 80.425, 31.2124
12089.873047, 80.597, 33.2838
12177.480469, 80.873, 35.4081
12265.723633, 81.264, 37.4496
12354.606445, 81.775, 39.2644
12444.132812, 82.412, 40.6979
12534.308594, 83.179, 41.5724
12625.136719, 84.070, 41.6661
12716.624023, 85.066, 40.6913
12808.773438, 86.125, 38.2810
12901.591797, 87.174, 34.0169
12995.082031, 88.112, 27.5443
13089.250000, 88.830, 18.7870
13184.099609, 89.233, 8.1798
13279.636719, 89.261, -3.2728
13375.867188, 88.909, -14.2685
13472.793945, 88.224, -23.6945
13570.422852, 87.300, -30.9971
13668.759766, 86.249, -36.2103
13767.809570, 85.176, -39.7291
13867.577148, 84.155, -42.0341
13968.067383, 83.220, -43.5123
14069.285156, 82.372, -44.4047
14171.237305, 81.600, -44.8401
14273.927734, 80.896, -44.8930
14377.362305, 80.254, -44.6210
14481.546875, 79.673, -44.0784
14586.486328, 79.152, -43.3158
14692.185547, 78.689, -42.3777
14798.651367, 78.282, -41.3016
14905.888672, 77.931, -40.1196
15013.902344, 77.636, -38.8600
15122.700195, 77.399, -37.5485
15232.285156, 77.225, -36.2122
15342.664062, 77.118, -34.8810
15453.843750, 77.086, -33.5871
15565.829102, 77.132, -32.3649
15678.625000, 77.254, -31.2548
15792.239258, 77.452, -30.3061
15906.675781, 77.727, -29.5807
16021.942383, 78.082, -29.1622
16138.043945, 78.523, -29.1680
16254.986328, 79.049, -29.7596
16372.777344, 79.651, -31.1539
16491.421875, 80.306, -33.6253
16610.923828, 80.969, -37.4835
16731.294922, 81.574, -43.0083
16852.535156, 82.040, -50.3247
16974.656250, 82.287, -59.2507
17097.662109, 82.249, -69.2057
17221.558594, 81.893, -79.2968
17346.353516, 81.227, -88.5834
17472.052734, 80.296, -96.3724
17598.662109, 79.169, -102.3637
17726.189453, 77.928, -106.6049
17854.640625, 76.644, -109.3438
17984.021484, 75.375, -110.8875
18114.341797, 74.156, -111.5146
18245.605469, 73.004, -111.4478
18377.820312, 71.924, -110.8533
18510.994141, 70.915, -109.8505
18645.132812, 69.976, -108.5258
18780.242188, 69.111, -106.9458
18916.332031, 68.333, -105.1600
19053.408203, 67.656, -103.2040
19191.476562, 67.085, -101.1086
19330.546875, 66.598, -98.9205
19470.623047, 66.162, -96.7572
19611.714844, 65.746, -94.8912
19753.830078, 65.352, -93.7167
19896.974609, 65.031, -93.3824
