* Measurement data measured by REW V5.20.13
* Source: Headset (DS by VECLAN.COM), MICROPHONE (Master Volume), L, volume: 0.250. Timing signal peak level -27.2 dBFS, measurement signal peak level -25.3 dBFS
* Format: 2M Log Swept Sine, 1 sweep at -12.0 dBFS using an acoustic timing reference
* Dated: Oct 19, 2023 5:26:37 PM
* REW Settings:
*  C-weighting compensation: Off
*  Target level: 75.0 dB
* Note: ; Delay -0.0686 ms (-24 mm, -0.93 in) using estimated IR delay relative to Acoustic reference played from HEADPHONE R with no timing offset
* Measurement: ZeroRed S2 R
* Smoothing: 1/24 octave
* Frequency Step: 1/96 octave
* Start Frequency: 0.366 Hz
*
* Freq(Hz), SPL(dB), Phase(degrees)
0.366299, 67.353, 157.6066
0.368954, 67.325, 157.4104
0.371627, 67.297, 157.2102
0.374320, 67.268, 157.0060
0.377033, 67.240, 156.7976
0.379765, 67.211, 156.5850
0.382517, 67.182, 156.3682
0.385289, 67.153, 156.1470
0.388081, 67.124, 155.9214
0.390893, 67.094, 155.6912
0.393725, 67.064, 155.4565
0.396578, 67.034, 155.2171
0.399452, 67.004, 154.9729
0.402347, 66.974, 154.7239
0.405262, 66.943, 154.4700
0.408199, 66.912, 154.2110
0.411157, 66.881, 153.9468
0.414136, 66.850, 153.6775
0.417137, 66.818, 153.4029
0.420160, 66.786, 153.1228
0.423205, 66.754, 152.8373
0.426272, 66.722, 152.5461
0.429361, 66.690, 152.2492
0.432472, 66.657, 151.9466
0.435606, 66.624, 151.6379
0.438762, 66.591, 151.3233
0.441942, 66.557, 151.0025
0.445144, 66.524, 150.6755
0.448370, 66.490, 150.3421
0.451619, 66.456, 150.0022
0.454892, 66.421, 149.6557
0.458188, 66.387, 149.3025
0.461508, 66.352, 148.9425
0.464852, 66.317, 148.5754
0.468221, 66.281, 148.2013
0.471614, 66.246, 147.8200
0.475031, 66.210, 147.4313
0.478474, 66.173, 147.0351
0.481941, 66.137, 146.6312
0.485433, 66.100, 146.2196
0.488951, 66.063, 145.8001
0.492494, 66.026, 145.3725
0.496063, 65.989, 144.9367
0.499658, 65.951, 144.4926
0.503278, 65.913, 144.0399
0.506925, 65.874, 143.5786
0.510599, 65.836, 143.1085
0.514299, 65.797, 142.6293
0.518025, 65.758, 142.1411
0.521779, 65.718, 141.6435
0.525560, 65.679, 141.1364
0.529369, 65.638, 140.6196
0.533205, 65.598, 140.0930
0.537069, 65.558, 139.5564
0.540960, 65.517, 139.0096
0.544880, 65.475, 138.4524
0.548829, 65.434, 137.8846
0.552806, 65.392, 137.3061
0.556812, 65.350, 136.7165
0.560847, 65.308, 136.1158
0.564911, 65.265, 135.5037
0.569004, 65.222, 134.8800
0.573128, 65.179, 134.2445
0.577281, 65.135, 133.5970
0.581464, 65.091, 132.9373
0.585677, 65.047, 132.2651
0.589921, 65.002, 131.5802
0.594196, 64.957, 130.8823
0.598502, 64.912, 130.1713
0.602839, 64.866, 129.4469
0.607207, 64.820, 128.7089
0.611608, 64.774, 127.9569
0.616040, 64.727, 127.1908
0.620504, 64.681, 126.4102
0.625000, 64.633, 125.6150
0.629529, 64.586, 124.8048
0.634091, 64.538, 123.9793
0.638686, 64.489, 123.1384
0.643314, 64.441, 122.2816
0.647976, 64.392, 121.4087
0.652671, 64.342, 120.5195
0.657401, 64.293, 119.6135
0.662164, 64.243, 118.6906
0.666963, 64.192, 117.7503
0.671796, 64.141, 116.7924
0.676664, 64.090, 115.8165
0.681567, 64.039, 114.8224
0.686506, 63.987, 113.8096
0.691481, 63.934, 112.7778
0.696492, 63.882, 111.7267
0.701539, 63.829, 110.6559
0.706622, 63.775, 109.5650
0.711743, 63.721, 108.4537
0.716900, 63.667, 107.3216
0.722095, 63.613, 106.1684
0.727328, 63.558, 104.9935
0.732599, 63.505, 103.7966
0.737907, 63.518, 102.5641
0.743254, 63.536, 101.2845
0.748640, 63.557, 99.9579
0.754065, 63.581, 98.5848
0.759530, 63.609, 97.1655
0.765033, 63.641, 95.7004
0.770577, 63.677, 94.1900
0.776161, 63.716, 92.6348
0.781785, 63.758, 91.0352
0.787451, 63.804, 89.3920
0.793157, 63.854, 87.7057
0.798904, 63.907, 85.9769
0.804694, 63.964, 84.2065
0.810525, 64.025, 82.3952
0.816398, 64.089, 80.5439
0.822314, 64.156, 78.6534
0.828273, 64.227, 76.7247
0.834275, 64.301, 74.7588
0.840320, 64.379, 72.7568
0.846410, 64.460, 70.7199
0.852543, 64.544, 68.6492
0.858721, 64.632, 66.5460
0.864944, 64.723, 64.4117
0.871211, 64.817, 62.2476
0.877525, 64.914, 60.0553
0.883883, 65.015, 57.8364
0.890288, 65.118, 55.5924
0.896740, 65.225, 53.3252
0.903238, 65.334, 51.0366
0.909783, 65.446, 48.7283
0.916376, 65.561, 46.4026
0.923016, 65.679, 44.0614
0.929705, 65.799, 41.7069
0.936442, 65.921, 39.3415
0.943228, 66.047, 36.9675
0.950063, 66.174, 34.5873
0.956947, 66.303, 32.2038
0.963882, 66.435, 29.8194
0.970866, 66.568, 27.4370
0.977902, 66.704, 25.0597
0.984988, 66.841, 22.6905
0.992126, 66.979, 20.3325
0.999315, 67.119, 17.9891
1.006557, 67.260, 15.6638
1.013850, 67.403, 13.3601
1.021197, 67.546, 11.0818
1.028597, 67.690, 8.8328
1.036051, 67.834, 6.6171
1.043558, 67.979, 4.4389
1.051121, 68.124, 2.3025
1.058737, 68.269, 0.2125
1.066409, 68.414, -1.8265
1.074137, 68.558, -3.8097
1.081921, 68.701, -5.7319
1.089761, 68.844, -7.5881
1.097658, 68.985, -9.3727
1.105612, 69.128, -11.1009
1.113623, 69.274, -12.8026
1.121693, 69.426, -14.4780
1.129821, 69.582, -16.1268
1.138009, 69.742, -17.7488
1.146255, 69.906, -19.3437
1.154561, 70.075, -20.9113
1.162928, 70.247, -22.4515
1.171355, 70.423, -23.9639
1.179843, 70.603, -25.4484
1.188393, 70.786, -26.9047
1.197004, 70.973, -28.3328
1.205678, 71.162, -29.7325
1.214415, 71.355, -31.1036
1.223215, 71.550, -32.4459
1.232079, 71.748, -33.7594
1.241007, 71.948, -35.0439
1.250000, 72.150, -36.2993
1.259058, 72.354, -37.5257
1.268182, 72.559, -38.7228
1.277371, 72.766, -39.8906
1.286628, 72.973, -41.0292
1.295951, 73.182, -42.1385
1.305342, 73.390, -43.2185
1.314801, 73.599, -44.2693
1.324329, 73.807, -45.2909
1.333925, 74.015, -46.2834
1.343592, 74.222, -47.2469
1.353328, 74.427, -48.1814
1.363135, 74.631, -49.0872
1.373013, 74.833, -49.9645
1.382962, 75.032, -50.8133
1.392983, 75.227, -51.6340
1.403078, 75.420, -52.4267
1.413245, 75.608, -53.1919
1.423486, 75.792, -53.9297
1.433801, 75.971, -54.6405
1.444191, 76.144, -55.3247
1.454656, 76.312, -55.9828
1.465197, 76.473, -56.6150
1.475815, 76.628, -57.1850
1.486509, 76.778, -57.6626
1.497281, 76.925, -58.0509
1.508131, 77.067, -58.3532
1.519059, 77.205, -58.5730
1.530067, 77.340, -58.7140
1.541154, 77.470, -58.7802
1.552322, 77.597, -58.7757
1.563571, 77.720, -58.7049
1.574901, 77.840, -58.5723
1.586314, 77.957, -58.3829
1.597809, 78.070, -58.1416
1.609387, 78.180, -57.8538
1.621049, 78.288, -57.5252
1.632796, 78.393, -57.1616
1.644628, 78.496, -56.7692
1.656546, 78.596, -56.3544
1.668550, 78.695, -55.9239
1.680641, 78.792, -55.4849
1.692819, 78.887, -55.0446
1.705086, 78.981, -54.6107
1.717442, 79.074, -54.1914
1.729887, 79.166, -53.7949
1.742423, 79.258, -53.4300
1.755049, 79.350, -53.1058
1.767767, 79.442, -52.8317
1.780577, 79.534, -52.6177
1.793480, 79.628, -52.4739
1.806476, 79.722, -52.4111
1.819566, 79.819, -52.4403
1.832752, 79.917, -52.5728
1.846033, 80.014, -52.7841
1.859410, 80.110, -53.0532
1.872884, 80.203, -53.3770
1.886456, 80.294, -53.7524
1.900126, 80.383, -54.1764
1.913895, 80.470, -54.6454
1.927764, 80.555, -55.1560
1.941733, 80.638, -55.7044
1.955804, 80.720, -56.2866
1.969976, 80.801, -56.8986
1.984251, 80.880, -57.5360
1.998630, 80.958, -58.1943
2.013113, 81.035, -58.8688
2.027701, 81.111, -59.5544
2.042394, 81.186, -60.2461
2.057194, 81.261, -60.9384
2.072102, 81.336, -61.6257
2.087117, 81.410, -62.3021
2.102241, 81.485, -62.9614
2.117475, 81.560, -63.5972
2.132819, 81.635, -64.2029
2.148274, 81.711, -64.7715
2.163841, 81.788, -65.2958
2.179522, 81.866, -65.7682
2.195315, 81.945, -66.1810
2.211223, 82.026, -66.5390
2.227247, 82.106, -66.8607
2.243386, 82.185, -67.1485
2.259643, 82.265, -67.4045
2.276017, 82.344, -67.6310
2.292510, 82.423, -67.8304
2.309123, 82.502, -68.0052
2.325855, 82.581, -68.1582
2.342710, 82.659, -68.2920
2.359686, 82.737, -68.4096
2.376785, 82.815, -68.5142
2.394008, 82.892, -68.6088
2.411356, 82.970, -68.6969
2.428830, 83.047, -68.7819
2.446430, 83.124, -68.8675
2.464158, 83.201, -68.9576
2.482014, 83.278, -69.0562
2.500000, 83.355, -69.1674
2.518116, 83.432, -69.2955
2.536363, 83.508, -69.4451
2.554743, 83.585, -69.6209
2.573256, 83.662, -69.8241
2.591902, 83.738, -70.0366
2.610684, 83.813, -70.2556
2.629603, 83.888, -70.4807
2.648658, 83.963, -70.7116
2.667851, 84.037, -70.9482
2.687183, 84.111, -71.1900
2.706656, 84.185, -71.4369
2.726269, 84.259, -71.6884
2.746025, 84.332, -71.9444
2.765924, 84.405, -72.2043
2.785967, 84.478, -72.4680
2.806155, 84.551, -72.7348
2.826490, 84.624, -73.0046
2.846972, 84.697, -73.2769
2.867602, 84.770, -73.5511
2.888382, 84.843, -73.8269
2.909312, 84.917, -74.1038
2.930394, 84.991, -74.3813
2.951629, 85.065, -74.6647
2.973018, 85.139, -74.9582
2.994561, 85.213, -75.2603
3.016261, 85.287, -75.5698
3.038118, 85.360, -75.8852
3.060134, 85.434, -76.2049
3.082309, 85.508, -76.5273
3.104645, 85.581, -76.8509
3.127142, 85.655, -77.1739
3.149803, 85.728, -77.4945
3.172627, 85.802, -77.8107
3.195618, 85.875, -78.1207
3.218774, 85.949, -78.4224
3.242099, 86.023, -78.7136
3.265593, 86.097, -78.9922
3.289256, 86.171, -79.2558
3.313092, 86.246, -79.5004
3.337100, 86.320, -79.7221
3.361282, 86.394, -79.9236
3.385639, 86.469, -80.1081
3.410173, 86.543, -80.2791
3.434884, 86.618, -80.4402
3.459775, 86.692, -80.5950
3.484846, 86.767, -80.7474
3.510098, 86.841, -80.9015
3.535534, 86.915, -81.0616
3.561154, 86.990, -81.2321
3.586959, 87.064, -81.4175
3.612952, 87.139, -81.6228
3.639133, 87.213, -81.8529
3.665504, 87.288, -82.1130
3.692065, 87.362, -82.4041
3.718820, 87.436, -82.7221
3.745768, 87.511, -83.0637
3.772911, 87.585, -83.4249
3.800251, 87.659, -83.8018
3.827789, 87.734, -84.1904
3.855527, 87.808, -84.5864
3.883466, 87.882, -84.9852
3.911607, 87.955, -85.3821
3.939952, 88.029, -85.7724
3.968503, 88.103, -86.1508
3.997260, 88.176, -86.5120
4.026226, 88.249, -86.8505
4.055401, 88.321, -87.1642
4.084789, 88.394, -87.4578
4.114388, 88.466, -87.7350
4.144203, 88.538, -87.9995
4.174234, 88.610, -88.2553
4.204482, 88.682, -88.5066
4.234950, 88.753, -88.7576
4.265638, 88.824, -89.0129
4.296548, 88.894, -89.2771
4.327683, 88.964, -89.5553
4.359043, 89.034, -89.8525
4.390630, 89.103, -90.1741
4.422447, 89.171, -90.5224
4.454494, 89.239, -90.8931
4.486773, 89.306, -91.2828
4.519286, 89.373, -91.6878
4.552034, 89.439, -92.1046
4.585020, 89.504, -92.5293
4.618245, 89.569, -92.9579
4.651711, 89.633, -93.3863
4.685419, 89.697, -93.8099
4.719372, 89.760, -94.2244
4.753570, 89.822, -94.6248
4.788016, 89.884, -95.0101
4.822712, 89.944, -95.3867
4.857660, 90.004, -95.7564
4.892860, 90.063, -96.1209
4.928316, 90.121, -96.4818
4.964029, 90.178, -96.8410
5.000000, 90.235, -97.2003
5.036232, 90.291, -97.5617
5.072727, 90.345, -97.9272
5.109486, 90.400, -98.2991
5.146511, 90.453, -98.6791
5.183805, 90.505, -99.0665
5.221369, 90.556, -99.4596
5.259205, 90.607, -99.8566
5.297316, 90.656, -100.2557
5.335702, 90.704, -100.6550
5.374367, 90.752, -101.0525
5.413311, 90.799, -101.4462
5.452538, 90.845, -101.8339
5.492050, 90.891, -102.2133
5.531847, 90.936, -102.5855
5.571934, 90.980, -102.9531
5.612310, 91.023, -103.3162
5.652979, 91.066, -103.6748
5.693943, 91.107, -104.0288
5.735204, 91.148, -104.3784
5.776763, 91.189, -104.7234
5.818624, 91.230, -105.0640
5.860788, 91.271, -105.4002
5.903258, 91.311, -105.7305
5.946035, 91.350, -106.0541
5.989123, 91.389, -106.3718
6.032523, 91.428, -106.6843
6.076237, 91.466, -106.9924
6.120268, 91.505, -107.2970
6.164618, 91.544, -107.5988
6.209289, 91.582, -107.8988
6.254284, 91.622, -108.1972
6.299605, 91.661, -108.4918
6.345255, 91.700, -108.7827
6.391235, 91.740, -109.0699
6.437549, 91.779, -109.3538
6.484198, 91.819, -109.6344
6.531185, 91.859, -109.9121
6.578513, 91.900, -110.1870
6.626183, 91.941, -110.4578
6.674199, 91.983, -110.7218
6.722563, 92.025, -110.9805
6.771278, 92.068, -111.2360
6.820345, 92.111, -111.4903
6.869768, 92.154, -111.7456
6.919549, 92.198, -112.0041
6.969691, 92.242, -112.2680
7.020196, 92.287, -112.5353
7.071068, 92.332, -112.8044
7.122308, 92.377, -113.0754
7.173919, 92.423, -113.3480
7.225904, 92.469, -113.6222
7.278266, 92.515, -113.8979
7.331007, 92.561, -114.1751
7.384131, 92.608, -114.4529
7.437639, 92.654, -114.7316
7.491535, 92.701, -115.0118
7.545822, 92.748, -115.2940
7.600502, 92.795, -115.5790
7.655579, 92.841, -115.8674
7.711054, 92.887, -116.1600
7.766932, 92.933, -116.4572
7.823214, 92.979, -116.7584
7.879904, 93.024, -117.0625
7.937005, 93.069, -117.3689
7.994520, 93.114, -117.6764
8.052452, 93.158, -117.9841
8.110803, 93.202, -118.2925
8.169578, 93.245, -118.6025
8.228777, 93.288, -118.9139
8.288406, 93.331, -119.2260
8.348468, 93.373, -119.5385
8.408964, 93.414, -119.8507
8.469899, 93.455, -120.1628
8.531276, 93.496, -120.4753
8.593097, 93.536, -120.7881
8.655366, 93.575, -121.1006
8.718086, 93.614, -121.4124
8.781260, 93.653, -121.7231
8.844893, 93.691, -122.0326
8.908987, 93.729, -122.3413
8.973545, 93.766, -122.6491
9.038571, 93.803, -122.9558
9.104069, 93.839, -123.2612
9.170040, 93.876, -123.5650
9.236490, 93.913, -123.8669
9.303422, 93.950, -124.1669
9.370838, 93.987, -124.4656
9.438744, 94.023, -124.7635
9.507140, 94.057, -125.0611
9.576033, 94.091, -125.3589
9.645425, 94.125, -125.6563
9.715320, 94.157, -125.9529
9.785721, 94.188, -126.2485
9.856632, 94.217, -126.5427
9.928058, 94.242, -126.8355
10.000000, 94.265, -127.1278
10.072464, 94.286, -127.4188
10.145453, 94.304, -127.7073
10.218971, 94.321, -127.9921
10.293022, 94.336, -128.2722
10.367610, 94.348, -128.5483
10.442738, 94.358, -128.8205
10.518411, 94.368, -129.0891
10.594631, 94.377, -129.3539
10.671404, 94.388, -129.6145
10.748734, 94.398, -129.8695
10.826623, 94.408, -130.1206
10.905077, 94.419, -130.3699
10.984100, 94.430, -130.6198
11.063695, 94.443, -130.8699
11.143867, 94.456, -131.1188
11.224621, 94.470, -131.3672
11.305959, 94.484, -131.6159
11.387886, 94.499, -131.8653
11.470407, 94.514, -132.1141
11.553527, 94.529, -132.3630
11.637249, 94.545, -132.6135
11.721577, 94.562, -132.8672
11.806517, 94.579, -133.1233
11.892071, 94.597, -133.3815
11.978246, 94.615, -133.6428
12.065045, 94.634, -133.9082
12.152473, 94.653, -134.1791
12.240536, 94.672, -134.4550
12.329235, 94.692, -134.7346
12.418578, 94.711, -135.0159
12.508568, 94.729, -135.2983
12.599211, 94.747, -135.5837
12.690510, 94.764, -135.8703
12.782471, 94.781, -136.1561
12.875097, 94.797, -136.4398
12.968395, 94.811, -136.7230
13.062370, 94.826, -137.0048
13.157025, 94.840, -137.2841
13.252366, 94.855, -137.5601
13.348398, 94.869, -137.8333
13.445127, 94.884, -138.1038
13.542556, 94.899, -138.3718
13.640691, 94.914, -138.6366
13.739536, 94.929, -138.8981
13.839099, 94.945, -139.1582
13.939383, 94.962, -139.4192
14.040393, 94.978, -139.6800
14.142136, 94.995, -139.9407
14.244616, 95.012, -140.2025
14.347837, 95.028, -140.4663
14.451808, 95.045, -140.7315
14.556532, 95.062, -140.9982
14.662014, 95.079, -141.2663
14.768262, 95.095, -141.5363
14.875278, 95.112, -141.8077
14.983070, 95.129, -142.0802
15.091644, 95.146, -142.3536
15.201005, 95.163, -142.6285
15.311157, 95.181, -142.9032
15.422109, 95.198, -143.1758
15.533863, 95.216, -143.4469
15.646428, 95.233, -143.7164
15.759809, 95.250, -143.9841
15.874010, 95.267, -144.2489
15.989040, 95.284, -144.5119
16.104904, 95.301, -144.7748
16.221605, 95.318, -145.0380
16.339155, 95.335, -145.3010
16.457554, 95.353, -145.5652
16.576813, 95.371, -145.8315
16.696936, 95.389, -146.0993
16.817928, 95.407, -146.3686
16.939798, 95.425, -146.6399
17.062551, 95.443, -146.9131
17.186193, 95.461, -147.1870
17.310732, 95.479, -147.4611
17.436172, 95.496, -147.7357
17.562521, 95.514, -148.0094
17.689787, 95.531, -148.2814
17.817974, 95.548, -148.5521
17.947090, 95.564, -148.8218
18.077143, 95.581, -149.0902
18.208138, 95.598, -149.3576
18.340080, 95.615, -149.6254
18.472980, 95.632, -149.8933
18.606844, 95.649, -150.1618
18.741676, 95.667, -150.4324
18.877487, 95.684, -150.7049
19.014280, 95.702, -150.9790
19.152065, 95.720, -151.2553
19.290850, 95.737, -151.5335
19.430639, 95.754, -151.8115
19.571442, 95.771, -152.0892
19.713264, 95.787, -152.3661
19.856115, 95.803, -152.6404
20.000000, 95.819, -152.9123
20.144928, 95.835, -153.1829
20.290907, 95.850, -153.4517
20.437943, 95.866, -153.7198
20.586044, 95.881, -153.9895
20.735220, 95.897, -154.2602
20.885475, 95.912, -154.5334
21.036821, 95.927, -154.8103
21.189262, 95.942, -155.0893
21.342808, 95.955, -155.3691
21.497467, 95.966, -155.6500
21.653246, 95.977, -155.9266
21.810154, 95.986, -156.1992
21.968201, 95.995, -156.4646
22.127390, 96.003, -156.7200
22.287735, 96.012, -156.9668
22.449242, 96.021, -157.2043
22.611917, 96.031, -157.4331
22.775772, 96.043, -157.6607
22.940815, 96.057, -157.8855
23.107054, 96.072, -158.1176
23.274498, 96.089, -158.3588
23.443153, 96.107, -158.6125
23.613033, 96.125, -158.8831
23.784142, 96.142, -159.1674
23.956491, 96.158, -159.4655
24.130091, 96.172, -159.7735
24.304947, 96.183, -160.0834
24.481071, 96.192, -160.3941
24.658470, 96.198, -160.6945
24.837156, 96.203, -160.9853
25.017136, 96.207, -161.2603
25.198421, 96.211, -161.5204
25.381020, 96.217, -161.7687
25.564941, 96.223, -162.0061
25.750195, 96.232, -162.2429
25.936790, 96.243, -162.4796
26.124741, 96.256, -162.7278
26.314051, 96.270, -162.9873
26.504732, 96.284, -163.2639
26.696796, 96.298, -163.5561
26.890253, 96.310, -163.8624
27.085112, 96.321, -164.1791
27.281382, 96.328, -164.5002
27.479073, 96.334, -164.8206
27.678198, 96.337, -165.1339
27.878765, 96.338, -165.4363
28.080786, 96.338, -165.7244
28.284271, 96.338, -165.9993
28.489231, 96.339, -166.2609
28.695675, 96.340, -166.5157
28.903616, 96.343, -166.7652
29.113064, 96.347, -167.0165
29.324028, 96.351, -167.2697
29.536524, 96.354, -167.5270
29.750557, 96.357, -167.7834
29.966141, 96.358, -168.0372
30.183289, 96.359, -168.2795
30.402010, 96.359, -168.5094
30.622314, 96.360, -168.7219
30.844217, 96.364, -168.9239
31.067726, 96.371, -169.1180
31.292856, 96.381, -169.3205
31.519617, 96.395, -169.5391
31.748020, 96.410, -169.7858
31.978081, 96.424, -170.0636
32.209808, 96.437, -170.3707
32.443211, 96.444, -170.6971
32.678310, 96.446, -171.0254
32.915108, 96.443, -171.3448
33.153625, 96.437, -171.6359
33.393871, 96.429, -171.8978
33.635857, 96.423, -172.1281
33.879597, 96.420, -172.3408
34.125103, 96.421, -172.5490
34.372387, 96.427, -172.7656
34.621464, 96.434, -173.0058
34.872345, 96.442, -173.2697
35.125042, 96.447, -173.5574
35.379574, 96.450, -173.8584
35.635948, 96.449, -174.1623
35.894180, 96.444, -174.4614
36.154285, 96.438, -174.7476
36.416275, 96.430, -175.0194
36.680161, 96.423, -175.2776
36.945961, 96.416, -175.5243
37.213688, 96.410, -175.7641
37.483353, 96.406, -176.0013
37.754974, 96.404, -176.2407
38.028561, 96.403, -176.4877
38.304131, 96.404, -176.7479
38.581699, 96.404, -177.0222
38.861279, 96.403, -177.3093
39.142883, 96.400, -177.6039
39.426529, 96.396, -177.8966
39.712231, 96.391, -178.1822
40.000000, 96.386, -178.4599
40.289856, 96.382, -178.7333
40.581814, 96.379, -179.0119
40.875885, 96.377, -179.3043
41.172089, 96.374, -179.6104
41.470440, 96.367, -179.9229
41.770950, 96.357, 179.7715
42.073643, 96.344, 179.4889
42.378525, 96.330, 179.2377
42.685616, 96.320, 179.0116
42.994934, 96.313, 178.7954
43.306492, 96.310, 178.5716
43.620308, 96.309, 178.3272
43.936401, 96.306, 178.0611
44.254780, 96.300, 177.7864
44.575470, 96.290, 177.5209
44.898483, 96.279, 177.2744
45.223835, 96.269, 177.0442
45.551544, 96.261, 176.8171
45.881630, 96.256, 176.5762
46.214108, 96.250, 176.3109
46.548996, 96.242, 176.0243
46.886307, 96.228, 175.7327
47.226067, 96.211, 175.4569
47.568283, 96.191, 175.2108
47.912983, 96.173, 174.9935
48.260181, 96.159, 174.7916
48.609894, 96.150, 174.5867
48.962143, 96.143, 174.3635
49.316940, 96.138, 174.1154
49.674313, 96.131, 173.8441
50.034271, 96.123, 173.5569
50.396843, 96.112, 173.2618
50.762039, 96.099, 172.9662
51.129883, 96.084, 172.6765
51.500389, 96.066, 172.3980
51.873581, 96.048, 172.1347
52.249481, 96.030, 171.8880
52.628101, 96.012, 171.6567
53.009464, 95.995, 171.4375
53.393593, 95.981, 171.2267
53.780506, 95.968, 171.0200
54.170223, 95.958, 170.8117
54.562763, 95.950, 170.5946
54.958145, 95.944, 170.3604
55.356396, 95.939, 170.1028
55.757530, 95.932, 169.8213
56.161572, 95.922, 169.5216
56.568542, 95.908, 169.2147
56.978462, 95.890, 168.9118
57.391350, 95.870, 168.6212
57.807232, 95.847, 168.3465
58.226128, 95.825, 168.0875
58.648056, 95.803, 167.8403
59.073048, 95.783, 167.5990
59.501114, 95.763, 167.3565
59.932281, 95.743, 167.1080
60.366577, 95.722, 166.8551
60.804020, 95.700, 166.6044
61.244629, 95.677, 166.3625
61.688435, 95.655, 166.1301
62.135452, 95.634, 165.9012
62.585712, 95.614, 165.6687
63.039234, 95.593, 165.4311
63.496040, 95.571, 165.1928
63.956161, 95.548, 164.9605
64.419617, 95.524, 164.7366
64.886421, 95.501, 164.5193
65.356621, 95.478, 164.3049
65.830215, 95.456, 164.0889
66.307251, 95.434, 163.8660
66.787743, 95.412, 163.6322
67.271713, 95.388, 163.3885
67.759193, 95.360, 163.1450
68.250206, 95.330, 162.9130
68.744774, 95.300, 162.6955
69.242928, 95.272, 162.4816
69.744690, 95.244, 162.2578
70.250084, 95.215, 162.0222
70.759148, 95.183, 161.7872
71.271896, 95.149, 161.5673
71.788361, 95.116, 161.3644
72.308571, 95.086, 161.1668
72.832550, 95.058, 160.9601
73.360321, 95.030, 160.7387
73.891922, 95.001, 160.5069
74.427376, 94.969, 160.2732
74.966705, 94.937, 160.0430
75.509949, 94.903, 159.8179
76.057121, 94.869, 159.5973
76.608261, 94.833, 159.3812
77.163399, 94.797, 159.1719
77.722557, 94.761, 158.9713
78.285767, 94.726, 158.7761
78.853058, 94.691, 158.5773
79.424461, 94.657, 158.3689
80.000000, 94.621, 158.1536
80.579712, 94.584, 157.9394
81.163628, 94.545, 157.7332
81.751770, 94.507, 157.5361
82.344177, 94.469, 157.3460
82.940880, 94.432, 157.1579
83.541901, 94.397, 156.9661
84.147285, 94.361, 156.7673
84.757050, 94.325, 156.5643
85.371231, 94.287, 156.3633
85.989868, 94.249, 156.1679
86.612984, 94.210, 155.9756
87.240616, 94.170, 155.7825
87.872803, 94.129, 155.5884
88.509560, 94.087, 155.3993
89.150940, 94.043, 155.2232
89.796967, 94.000, 155.0616
90.447670, 93.959, 154.9056
91.103088, 93.919, 154.7419
91.763260, 93.879, 154.5660
92.428215, 93.837, 154.3871
93.097992, 93.793, 154.2177
93.772614, 93.749, 154.0609
94.452133, 93.705, 153.9107
95.136566, 93.661, 153.7599
95.825966, 93.616, 153.6071
96.520363, 93.570, 153.4562
97.219788, 93.522, 153.3120
97.924286, 93.473, 153.1743
98.633881, 93.425, 153.0380
99.348625, 93.376, 152.8998
100.068542, 93.326, 152.7625
100.793686, 93.275, 152.6306
101.524078, 93.223, 152.5060
102.259766, 93.171, 152.3888
103.000778, 93.120, 152.2777
103.747162, 93.068, 152.1700
104.498962, 93.015, 152.0648
105.256203, 92.962, 151.9646
106.018929, 92.907, 151.8687
106.787186, 92.852, 151.7718
107.561012, 92.794, 151.6715
108.340446, 92.735, 151.5721
109.125526, 92.675, 151.4786
109.916290, 92.614, 151.3907
110.712791, 92.555, 151.3063
111.515060, 92.496, 151.2252
112.323143, 92.439, 151.1473
113.137085, 92.383, 151.0737
113.956924, 92.327, 151.0066
114.782700, 92.271, 150.9453
115.614464, 92.215, 150.8839
116.452255, 92.156, 150.8187
117.296112, 92.093, 150.7552
118.146095, 92.025, 150.7036
119.002228, 91.954, 150.6702
119.864563, 91.883, 150.6536
120.733154, 91.815, 150.6508
121.608040, 91.750, 150.6585
122.489258, 91.693, 150.6651
123.376869, 91.640, 150.6571
124.270905, 91.589, 150.6361
125.171425, 91.538, 150.6139
126.078468, 91.484, 150.6005
126.992081, 91.426, 150.6049
127.912323, 91.363, 150.6378
128.839233, 91.296, 150.7061
129.772842, 91.227, 150.8060
130.713242, 91.158, 150.9241
131.660431, 91.093, 151.0451
132.614502, 91.030, 151.1585
133.575485, 90.972, 151.2573
134.543427, 90.918, 151.3345
135.518387, 90.865, 151.3894
136.500412, 90.813, 151.4351
137.489548, 90.758, 151.4881
138.485855, 90.700, 151.5565
139.489380, 90.637, 151.6482
140.500168, 90.567, 151.7811
141.518295, 90.494, 151.9670
142.543793, 90.422, 152.1963
143.576721, 90.355, 152.4357
144.617142, 90.293, 152.6359
145.665100, 90.232, 152.7718
146.720642, 90.168, 152.8681
147.783844, 90.101, 152.9676
148.854752, 90.036, 153.0920
149.933411, 89.974, 153.2433
151.019897, 89.914, 153.4241
152.114243, 89.856, 153.6408
153.216522, 89.799, 153.8913
154.326797, 89.743, 154.1609
155.445114, 89.686, 154.4336
156.571533, 89.627, 154.7052
157.706116, 89.567, 154.9749
158.848923, 89.508, 155.2377
160.000000, 89.449, 155.4987
161.159424, 89.394, 155.7693
162.327255, 89.342, 156.0483
163.503540, 89.291, 156.3366
164.688354, 89.237, 156.6523
165.881760, 89.183, 157.0027
167.083801, 89.127, 157.3671
168.294571, 89.070, 157.7238
169.514099, 89.011, 158.0654
170.742462, 88.952, 158.3906
171.979736, 88.898, 158.6953
173.225967, 88.848, 158.9803
174.481232, 88.802, 159.2627
175.745605, 88.758, 159.5696
177.019119, 88.713, 159.9243
178.301880, 88.668, 160.3359
179.593933, 88.624, 160.7890
180.895340, 88.580, 161.2576
182.206177, 88.535, 161.7270
183.526520, 88.491, 162.1883
184.856430, 88.449, 162.6340
186.195984, 88.410, 163.0668
187.545227, 88.374, 163.4980
188.904266, 88.345, 163.9311
190.273132, 88.321, 164.3558
191.651932, 88.299, 164.7707
193.040726, 88.276, 165.1914
194.439575, 88.250, 165.6239
195.848572, 88.223, 166.0540
197.267761, 88.194, 166.4649
198.697250, 88.161, 166.8669
200.137085, 88.125, 167.3000
201.587372, 88.096, 167.7908
203.048157, 88.077, 168.3219
204.519531, 88.067, 168.8541
206.001556, 88.061, 169.3613
207.494324, 88.054, 169.8348
208.997925, 88.044, 170.2759
210.512405, 88.033, 170.6962
212.037857, 88.021, 171.1214
213.574371, 88.011, 171.5757
215.122025, 88.004, 172.0615
216.680893, 87.999, 172.5627
218.251053, 87.993, 173.0617
219.832581, 87.987, 173.5463
221.425583, 87.983, 174.0133
223.030121, 87.984, 174.4699
224.646286, 87.990, 174.9199
226.274170, 87.999, 175.3577
227.913849, 88.007, 175.7943
229.565399, 88.015, 176.2330
231.228928, 88.028, 176.6240
232.904510, 88.041, 176.9310
234.592224, 88.044, 177.2244
236.292191, 88.042, 177.6188
238.004456, 88.050, 178.1292
239.729126, 88.073, 178.6551
241.466309, 88.100, 179.1056
243.216080, 88.119, 179.4843
244.978516, 88.129, 179.8476
246.753738, 88.138, -179.7733
248.541809, 88.153, -179.3949
250.342850, 88.174, -179.0475
252.156937, 88.196, -178.7400
253.984161, 88.217, -178.4551
255.824646, 88.234, -178.1688
257.678467, 88.249, -177.8683
259.545685, 88.265, -177.5590
261.426483, 88.287, -177.2556
263.320862, 88.314, -176.9627
265.229004, 88.345, -176.6676
267.150970, 88.377, -176.3581
269.086853, 88.406, -176.0423
271.036774, 88.431, -175.7381
273.000824, 88.454, -175.4514
274.979095, 88.477, -175.1771
276.971710, 88.502, -174.9086
278.978760, 88.526, -174.6407
281.000336, 88.551, -174.3753
283.036591, 88.576, -174.1190
285.087585, 88.602, -173.8658
287.153442, 88.631, -173.6015
289.234283, 88.665, -173.3367
291.330200, 88.700, -173.1096
293.441284, 88.731, -172.9381
295.567688, 88.753, -172.7900
297.709503, 88.770, -172.6116
299.866821, 88.790, -172.3819
302.039795, 88.818, -172.1289
304.228485, 88.854, -171.8919
306.433044, 88.896, -171.6844
308.653595, 88.939, -171.4941
310.890228, 88.978, -171.2977
313.143066, 89.009, -171.0812
315.412231, 89.033, -170.8566
317.697845, 89.053, -170.6457
320.000000, 89.072, -170.4518
322.318848, 89.091, -170.2647
324.654510, 89.115, -170.0762
327.007080, 89.141, -169.8829
329.376709, 89.168, -169.6918
331.763519, 89.195, -169.5180
334.167603, 89.220, -169.3631
336.589142, 89.245, -169.2129
339.028198, 89.273, -169.0641
341.484924, 89.301, -168.9342
343.959473, 89.327, -168.8375
346.451935, 89.350, -168.7635
348.962463, 89.373, -168.6825
351.491211, 89.396, -168.5650
354.038239, 89.420, -168.4027
356.603760, 89.446, -168.2177
359.187866, 89.470, -168.0427
361.790680, 89.492, -167.8921
364.412354, 89.512, -167.7611
367.053040, 89.530, -167.6397
369.712860, 89.549, -167.5204
372.391968, 89.568, -167.3990
375.090454, 89.589, -167.2740
377.808533, 89.608, -167.1461
380.546265, 89.627, -167.0183
383.303864, 89.644, -166.9000
386.081451, 89.662, -166.7989
388.879150, 89.682, -166.7077
391.697144, 89.705, -166.6073
394.535522, 89.728, -166.4883
397.394501, 89.748, -166.3624
400.274170, 89.766, -166.2476
403.174744, 89.782, -166.1489
406.096313, 89.796, -166.0581
409.039062, 89.808, -165.9639
412.003113, 89.818, -165.8540
414.988647, 89.829, -165.7188
417.995850, 89.843, -165.5662
421.024811, 89.859, -165.4178
424.075714, 89.877, -165.2862
427.148743, 89.895, -165.1724
430.244049, 89.910, -165.0750
433.361786, 89.923, -164.9918
436.502106, 89.935, -164.9146
439.665161, 89.945, -164.8302
442.851166, 89.956, -164.7316
446.060242, 89.967, -164.6224
449.292572, 89.978, -164.5076
452.548340, 89.990, -164.3899
455.827698, 90.003, -164.2729
459.130798, 90.015, -164.1586
462.457855, 90.027, -164.0425
465.809021, 90.038, -163.9196
469.184448, 90.048, -163.7916
472.584381, 90.059, -163.6628
476.008911, 90.069, -163.5350
479.458252, 90.080, -163.4108
482.932617, 90.091, -163.2947
486.432159, 90.104, -163.1861
489.957031, 90.119, -163.0752
493.507477, 90.135, -162.9521
497.083618, 90.151, -162.8155
500.685699, 90.166, -162.6731
504.313873, 90.178, -162.5344
507.968323, 90.188, -162.4032
511.649292, 90.197, -162.2744
515.356934, 90.207, -162.1405
519.091370, 90.216, -162.0013
522.852966, 90.226, -161.8622
526.641724, 90.237, -161.7237
530.458008, 90.249, -161.5831
534.301941, 90.262, -161.4394
538.173706, 90.276, -161.2932
542.073547, 90.289, -161.1435
546.001648, 90.302, -160.9901
549.958191, 90.314, -160.8351
553.943420, 90.326, -160.6795
557.957520, 90.338, -160.5225
562.000671, 90.351, -160.3632
566.073181, 90.363, -160.2017
570.175171, 90.376, -160.0388
574.306885, 90.388, -159.8747
578.468567, 90.400, -159.7085
582.660400, 90.412, -159.5388
586.882568, 90.424, -159.3671
591.135376, 90.436, -159.1966
595.419006, 90.449, -159.0272
599.733643, 90.462, -158.8554
604.079590, 90.474, -158.6790
608.456970, 90.486, -158.4989
612.866089, 90.496, -158.3167
617.307190, 90.506, -158.1331
621.780457, 90.516, -157.9481
626.286133, 90.526, -157.7602
630.824463, 90.536, -157.5679
635.395691, 90.546, -157.3721
640.000000, 90.557, -157.1749
644.637695, 90.568, -156.9761
649.309021, 90.580, -156.7733
654.014160, 90.592, -156.5666
658.753418, 90.604, -156.3585
663.527039, 90.617, -156.1505
668.335205, 90.629, -155.9411
673.178284, 90.642, -155.7288
678.056396, 90.656, -155.5140
682.969849, 90.670, -155.2977
687.918945, 90.684, -155.0783
692.903870, 90.700, -154.8551
697.924927, 90.716, -154.6309
702.982422, 90.732, -154.4076
708.076477, 90.748, -154.1824
713.207520, 90.765, -153.9516
718.375732, 90.783, -153.7161
723.581360, 90.801, -153.4781
728.824707, 90.819, -153.2384
734.106079, 90.838, -152.9974
739.425720, 90.857, -152.7558
744.783936, 90.877, -152.5132
750.180908, 90.898, -152.2674
755.617065, 90.918, -152.0178
761.092529, 90.940, -151.7659
766.607727, 90.962, -151.5145
772.162903, 90.984, -151.2653
777.758301, 91.007, -151.0167
783.394287, 91.030, -150.7647
789.071045, 91.053, -150.5071
794.789001, 91.078, -150.2461
800.548340, 91.103, -149.9860
806.349487, 91.129, -149.7289
812.192627, 91.155, -149.4741
818.078125, 91.183, -149.2194
824.006226, 91.211, -148.9621
829.977295, 91.240, -148.7015
835.991699, 91.270, -148.4405
842.049622, 91.300, -148.1827
848.151428, 91.331, -147.9287
854.297485, 91.363, -147.6763
860.488098, 91.395, -147.4245
866.723572, 91.428, -147.1738
873.004211, 91.461, -146.9241
879.330322, 91.495, -146.6765
885.702332, 91.530, -146.4327
892.120483, 91.566, -146.1938
898.585144, 91.603, -145.9591
905.096680, 91.640, -145.7267
911.655396, 91.677, -145.4951
918.261597, 91.715, -145.2644
924.915710, 91.754, -145.0365
931.618042, 91.793, -144.8147
938.368896, 91.833, -144.6008
945.168762, 91.874, -144.3944
952.017822, 91.915, -144.1936
958.916504, 91.956, -143.9958
965.865234, 91.997, -143.8004
972.864319, 92.037, -143.6092
979.914062, 92.078, -143.4245
987.014954, 92.118, -143.2471
994.167236, 92.159, -143.0756
1001.371399, 92.199, -142.9087
1008.627747, 92.240, -142.7454
1015.936646, 92.281, -142.5865
1023.298584, 92.322, -142.4348
1030.713867, 92.363, -142.2920
1038.182739, 92.404, -142.1560
1045.705933, 92.445, -142.0232
1053.283447, 92.485, -141.8920
1060.916016, 92.524, -141.7633
1068.603882, 92.564, -141.6387
1076.347412, 92.604, -141.5197
1084.147095, 92.645, -141.4063
1092.003296, 92.690, -141.2974
1099.916382, 92.736, -141.1917
1107.886841, 92.783, -141.0880
1115.915039, 92.830, -140.9859
1124.001343, 92.877, -140.8857
1132.146362, 92.924, -140.7883
1140.350342, 92.970, -140.6935
1148.613770, 93.016, -140.6000
1156.937134, 93.061, -140.5063
1165.320801, 93.106, -140.4123
1173.765137, 93.150, -140.3181
1182.270752, 93.195, -140.2242
1190.838013, 93.239, -140.1307
1199.467285, 93.283, -140.0370
1208.159180, 93.327, -139.9421
1216.913940, 93.372, -139.8445
1225.732178, 93.417, -139.7432
1234.614380, 93.463, -139.6382
1243.560913, 93.508, -139.5304
1252.572266, 93.553, -139.4211
1261.648926, 93.598, -139.3107
1270.791382, 93.643, -139.1990
1280.000000, 93.688, -139.0845
1289.275391, 93.732, -138.9649
1298.618042, 93.776, -138.8390
1308.028320, 93.820, -138.7083
1317.506836, 93.864, -138.5753
1327.054077, 93.907, -138.4416
1336.670410, 93.950, -138.3066
1346.356567, 93.989, -138.1692
1356.112793, 94.025, -138.0294
1365.939697, 94.059, -137.8884
1375.837891, 94.097, -137.7468
1385.807739, 94.139, -137.6059
1395.849854, 94.186, -137.4664
1405.964844, 94.236, -137.3281
1416.152954, 94.287, -137.1913
1426.415039, 94.340, -137.0565
1436.751465, 94.394, -136.9241
1447.162720, 94.448, -136.7958
1457.649414, 94.502, -136.6750
1468.212158, 94.557, -136.5641
1478.851440, 94.613, -136.4629
1489.567871, 94.669, -136.3701
1500.361816, 94.726, -136.2857
1511.234131, 94.782, -136.2085
1522.185059, 94.838, -136.1364
1533.215454, 94.892, -136.0679
1544.325806, 94.944, -136.0034
1555.516602, 94.995, -135.9453
1566.788574, 95.045, -135.8940
1578.142090, 95.095, -135.8470
1589.578003, 95.143, -135.8012
1601.096680, 95.191, -135.7560
1612.698975, 95.239, -135.7119
1624.385254, 95.285, -135.6680
1636.156250, 95.331, -135.6226
1648.012451, 95.376, -135.5749
1659.954590, 95.420, -135.5253
1671.983398, 95.464, -135.4735
1684.099243, 95.508, -135.4188
1696.302856, 95.551, -135.3607
1708.594971, 95.594, -135.3000
1720.976196, 95.638, -135.2370
1733.447144, 95.681, -135.1711
1746.008423, 95.724, -135.1012
1758.660645, 95.768, -135.0270
1771.404663, 95.811, -134.9494
1784.240967, 95.856, -134.8698
1797.170288, 95.901, -134.7888
1810.193359, 95.947, -134.7067
1823.310791, 95.994, -134.6236
1836.523193, 96.041, -134.5401
1849.831421, 96.090, -134.4575
1863.236084, 96.139, -134.3768
1876.737793, 96.188, -134.2981
1890.337524, 96.238, -134.2214
1904.035645, 96.289, -134.1476
1917.833008, 96.340, -134.0777
1931.730469, 96.391, -134.0111
1945.728638, 96.442, -133.9468
1959.828125, 96.495, -133.8852
1974.029907, 96.547, -133.8273
1988.334473, 96.601, -133.7729
2002.742798, 96.654, -133.7208
2017.255493, 96.709, -133.6718
2031.873291, 96.764, -133.6281
2046.597168, 96.820, -133.5894
2061.427734, 96.876, -133.5541
2076.365479, 96.932, -133.5218
2091.411865, 96.989, -133.4941
2106.566895, 97.047, -133.4723
2121.832031, 97.105, -133.4562
2137.207764, 97.164, -133.4458
2152.694824, 97.223, -133.4415
2168.294189, 97.282, -133.4433
2184.006592, 97.341, -133.4515
2199.832764, 97.399, -133.4668
2215.773682, 97.457, -133.4890
2231.830078, 97.514, -133.5181
2248.002686, 97.572, -133.5542
2264.292725, 97.630, -133.5981
2280.700684, 97.688, -133.6503
2297.227539, 97.746, -133.7109
2313.874268, 97.805, -133.7793
2330.641602, 97.864, -133.8553
2347.530273, 97.922, -133.9392
2364.541504, 97.981, -134.0312
2381.676025, 98.039, -134.1319
2398.934570, 98.097, -134.2417
2416.318359, 98.155, -134.3609
2433.827881, 98.212, -134.4886
2451.464355, 98.268, -134.6240
2469.228760, 98.323, -134.7668
2487.121826, 98.378, -134.9177
2505.144531, 98.432, -135.0778
2523.297852, 98.485, -135.2470
2541.582764, 98.537, -135.4246
2560.000000, 98.588, -135.6095
2578.550781, 98.638, -135.8016
2597.236084, 98.686, -136.0006
2616.056641, 98.733, -136.2060
2635.013672, 98.779, -136.4176
2654.108154, 98.825, -136.6366
2673.340820, 98.870, -136.8645
2692.713135, 98.913, -137.0988
2712.225586, 98.955, -137.3349
2731.879395, 98.995, -137.5728
2751.675781, 99.034, -137.8172
2771.615479, 99.071, -138.0677
2791.699707, 99.108, -138.3191
2811.929688, 99.142, -138.5706
2832.305908, 99.176, -138.8256
2852.830078, 99.208, -139.0831
2873.502930, 99.240, -139.3392
2894.325439, 99.271, -139.5964
2915.298828, 99.302, -139.8613
2936.424316, 99.334, -140.1355
2957.702881, 99.365, -140.4173
2979.135742, 99.395, -140.7096
3000.723633, 99.425, -141.0179
3022.468262, 99.452, -141.3443
3044.370117, 99.478, -141.6870
3066.430908, 99.502, -142.0446
3088.651611, 99.523, -142.4171
3111.033203, 99.541, -142.8008
3133.577148, 99.555, -143.1897
3156.284180, 99.566, -143.5809
3179.156006, 99.573, -143.9736
3202.193359, 99.577, -144.3654
3225.397949, 99.577, -144.7526
3248.770508, 99.575, -145.1329
3272.312500, 99.569, -145.5052
3296.024902, 99.560, -145.8689
3319.909180, 99.549, -146.2238
3343.966797, 99.535, -146.5706
3368.198486, 99.520, -146.9101
3392.605713, 99.503, -147.2424
3417.189941, 99.486, -147.5668
3441.952393, 99.468, -147.8824
3466.894287, 99.449, -148.1886
3492.016846, 99.430, -148.4860
3517.321289, 99.409, -148.7750
3542.809326, 99.387, -149.0555
3568.481934, 99.364, -149.3277
3594.340576, 99.340, -149.5908
3620.386719, 99.314, -149.8439
3646.621582, 99.287, -150.0865
3673.046387, 99.260, -150.3199
3699.662842, 99.231, -150.5454
3726.472168, 99.201, -150.7639
3753.475586, 99.170, -150.9748
3780.675049, 99.137, -151.1772
3808.071289, 99.103, -151.3705
3835.666016, 99.067, -151.5535
3863.460938, 99.029, -151.7262
3891.457275, 98.989, -151.8894
3919.656250, 98.948, -152.0443
3948.059814, 98.907, -152.1913
3976.668945, 98.864, -152.3315
4005.485596, 98.821, -152.4658
4034.510986, 98.777, -152.5944
4063.746582, 98.732, -152.7171
4093.194336, 98.686, -152.8337
4122.855469, 98.639, -152.9446
4152.730957, 98.591, -153.0515
4182.823730, 98.543, -153.1568
4213.133789, 98.494, -153.2612
4243.664062, 98.443, -153.3633
4274.415527, 98.389, -153.4613
4305.389648, 98.332, -153.5545
4336.588379, 98.271, -153.6417
4368.013184, 98.206, -153.7216
4399.665527, 98.137, -153.7942
4431.547363, 98.066, -153.8604
4463.660156, 97.992, -153.9208
4496.005371, 97.917, -153.9749
4528.585449, 97.839, -154.0216
4561.401367, 97.758, -154.0589
4594.455078, 97.675, -154.0847
4627.748535, 97.589, -154.0962
4661.283203, 97.500, -154.0902
4695.060547, 97.408, -154.0635
4729.083008, 97.314, -154.0144
4763.352051, 97.219, -153.9459
4797.869141, 97.122, -153.8631
4832.636719, 97.022, -153.7595
4867.655762, 96.921, -153.6195
4902.928711, 96.821, -153.4355
4938.457520, 96.724, -153.2097
4974.243652, 96.629, -152.9506
5010.289062, 96.534, -152.6761
5046.595703, 96.438, -152.4005
5083.165527, 96.343, -152.1206
5120.000000, 96.248, -151.8258
5157.101562, 96.153, -151.5096
5194.472168, 96.058, -151.1732
5232.113281, 95.964, -150.8206
5270.027344, 95.870, -150.4492
5308.216309, 95.776, -150.0535
5346.681641, 95.684, -149.6321
5385.426270, 95.592, -149.1861
5424.451172, 95.502, -148.7182
5463.758789, 95.413, -148.2349
5503.351562, 95.326, -147.7403
5543.230957, 95.240, -147.2287
5583.399414, 95.156, -146.6914
5623.859375, 95.072, -146.1263
5664.611816, 94.990, -145.5345
5705.660156, 94.910, -144.9146
5747.005859, 94.832, -144.2663
5788.650879, 94.756, -143.5940
5830.597656, 94.682, -142.9016
5872.848633, 94.612, -142.1896
5915.405762, 94.545, -141.4537
5958.271484, 94.481, -140.6885
6001.447266, 94.421, -139.8953
6044.936523, 94.366, -139.0804
6088.740234, 94.315, -138.2481
6132.861816, 94.270, -137.4004
6177.303223, 94.229, -136.5387
6222.066406, 94.193, -135.6642
6267.154297, 94.163, -134.7771
6312.568359, 94.140, -133.8772
6358.312012, 94.123, -132.9641
6404.386719, 94.112, -132.0381
6450.795898, 94.106, -131.1019
6497.541016, 94.107, -130.1615
6544.625000, 94.116, -129.2234
6592.049805, 94.134, -128.2929
6639.818359, 94.161, -127.3722
6687.933594, 94.196, -126.4621
6736.396973, 94.241, -125.5643
6785.211426, 94.296, -124.6829
6834.379883, 94.366, -123.8228
6883.904785, 94.451, -122.9878
6933.788574, 94.553, -122.1825
6984.033691, 94.672, -121.4146
7034.642578, 94.804, -120.6922
7085.618652, 94.949, -120.0232
7136.963867, 95.106, -119.4186
7188.681152, 95.273, -118.8931
7240.773438, 95.451, -118.4597
7293.243164, 95.638, -118.1287
7346.092773, 95.836, -117.9116
7399.325684, 96.043, -117.8282
7452.944336, 96.259, -117.9062
7506.951172, 96.483, -118.1690
7561.350098, 96.714, -118.6319
7616.142578, 96.948, -119.3091
7671.332031, 97.182, -120.2141
7726.921875, 97.401, -121.3554
7782.914551, 97.589, -122.7349
7839.312500, 97.737, -124.3479
7896.119629, 97.844, -126.1796
7953.337891, 97.908, -128.2047
8010.971191, 97.927, -130.3861
8069.021973, 97.896, -132.6763
8127.493164, 97.815, -135.0191
8186.388672, 97.680, -137.3542
8245.710938, 97.494, -139.6207
8305.461914, 97.260, -141.7618
8365.647461, 96.980, -143.7294
8426.267578, 96.662, -145.4862
8487.328125, 96.310, -147.0077
8548.831055, 95.931, -148.2812
8610.779297, 95.530, -149.3050
8673.176758, 95.112, -150.0869
8736.026367, 94.683, -150.6410
8799.331055, 94.246, -150.9850
8863.094727, 93.804, -151.1379
8927.320312, 93.361, -151.1180
8992.010742, 92.916, -150.9406
9057.170898, 92.470, -150.6160
9122.802734, 92.021, -150.1471
9188.910156, 91.567, -149.5287
9255.497070, 91.107, -148.7468
9322.566406, 90.641, -147.7809
9390.121094, 90.170, -146.6071
9458.166016, 89.695, -145.2017
9526.704102, 89.223, -143.5470
9595.738281, 88.758, -141.6358
9665.273438, 88.308, -139.4729
9735.311523, 87.880, -137.0746
9805.857422, 87.479, -134.4657
9876.915039, 87.111, -131.6776
9948.487305, 86.775, -128.7450
10020.578125, 86.473, -125.7030
10093.191406, 86.206, -122.5845
10166.331055, 85.973, -119.4182
10240.000000, 85.775, -116.2274
10314.203125, 85.608, -113.0311
10388.944336, 85.473, -109.8452
10464.226562, 85.365, -106.6839
10540.054688, 85.285, -103.5599
10616.432617, 85.230, -100.4856
10693.363281, 85.200, -97.4739
10770.852539, 85.193, -94.5379
10848.902344, 85.208, -91.6921
10927.517578, 85.243, -88.9518
11006.703125, 85.294, -86.3316
11086.461914, 85.358, -83.8433
11166.798828, 85.428, -81.4931
11247.718750, 85.498, -79.2786
11329.223633, 85.562, -77.1819
11411.320312, 85.614, -75.1659
11494.011719, 85.649, -73.1713
11577.301758, 85.667, -71.1190
11661.195312, 85.671, -68.9188
11745.697266, 85.672, -66.4856
11830.811523, 85.686, -63.7582
11916.542969, 85.736, -60.7152
12002.894531, 85.847, -57.3847
12089.873047, 86.041, -53.8439
12177.480469, 86.338, -50.2117
12265.723633, 86.754, -46.6381
12354.606445, 87.299, -43.2986
12444.132812, 87.977, -40.3956
12534.308594, 88.781, -38.1674
12625.136719, 89.693, -36.9037
12716.624023, 90.672, -36.9519
12808.773438, 91.654, -38.6906
12901.591797, 92.550, -42.4397
12995.082031, 93.262, -48.2943
13089.250000, 93.701, -55.9359
13184.099609, 93.805, -64.5658
13279.636719, 93.560, -73.0854
13375.867188, 92.994, -80.4666
13472.793945, 92.178, -86.0732
13570.422852, 91.201, -89.7446
13668.759766, 90.155, -91.6639
13767.809570, 89.115, -92.1644
13867.577148, 88.132, -91.5902
13968.067383, 87.233, -90.2335
14069.285156, 86.423, -88.3204
14171.237305, 85.700, -86.0159
14273.927734, 85.055, -83.4289
14377.362305, 84.476, -80.6171
14481.546875, 83.953, -77.6021
14586.486328, 83.481, -74.3973
14692.185547, 83.062, -71.0269
14798.651367, 82.697, -67.5154
14905.888672, 82.381, -63.8814
15013.902344, 82.115, -60.1547
15122.700195, 81.911, -56.3737
15232.285156, 81.774, -52.5626
15342.664062, 81.704, -48.7383
15453.843750, 81.709, -44.9375
15565.829102, 81.798, -41.2139
15678.625000, 81.971, -37.6204
15792.239258, 82.222, -34.2181
15906.675781, 82.555, -31.0931
16021.942383, 82.977, -28.3541
16138.043945, 83.483, -26.1342
16254.986328, 84.065, -24.6149
16372.777344, 84.708, -24.0451
16491.421875, 85.377, -24.7231
16610.923828, 86.014, -26.9433
16731.294922, 86.546, -30.9031
16852.535156, 86.889, -36.5558
16974.656250, 86.971, -43.4770
17097.662109, 86.740, -50.8741
17221.558594, 86.187, -57.7958
17346.353516, 85.347, -63.4329
17472.052734, 84.285, -67.3280
17598.662109, 83.078, -69.4021
17726.189453, 81.802, -69.8416
17854.640625, 80.521, -68.9438
17984.021484, 79.281, -67.0036
18114.341797, 78.105, -64.2673
18245.605469, 77.001, -60.9297
18377.820312, 75.971, -57.1367
18510.994141, 75.013, -52.9896
18645.132812, 74.121, -48.5566
18780.242188, 73.296, -43.8854
18916.332031, 72.551, -39.0058
19053.408203, 71.900, -33.9382
19191.476562, 71.351, -28.7124
19330.546875, 70.886, -23.3929
19470.623047, 70.474, -18.1383
19611.714844, 70.084, -13.3111
19753.830078, 69.716, -9.4985
19896.974609, 69.416, -7.1856
