* Measurement data measured by REW V5.31.3
* Source: Headset (USB-C to 3.5mm Headphone Jack Adapter), MICROPHONE (Master Volume), R, volume: 0.700
* Format: 256k Log Swept Sine, 1 sweep at -12.0 dBFS with no timing reference
* Dated: Aug 25, 2024 8:47:46 AM
* REW Settings:
*  C-weighting compensation: Off
*  Target level: 75.0 dB
* Note: ; 
* Measurement: Celest Wyvern Abyss L
* Smoothing: 1/24 octave
* Frequency Step: 1/48 octave
* Start Frequency: 1.000 Hz
*
* Freq(Hz), SPL(dB), Phase(degrees)
1.000000, 71.384, 49.4626
1.015000, 71.711, 48.8740
1.030000, 72.034, 48.2566
1.044000, 72.331, 47.6539
1.060000, 72.666, 46.9334
1.075000, 72.977, 46.2270
1.090000, 73.283, 45.4923
1.106000, 73.604, 44.6881
1.120000, 73.880, 43.9856
1.138000, 74.229, 43.0973
1.150000, 74.457, 42.5153
1.172000, 74.867, 41.4682
1.180000, 75.014, 41.0935
1.206000, 75.481, 39.8950
1.220000, 75.728, 39.2606
1.241000, 76.090, 38.3210
1.250000, 76.243, 37.9221
1.265000, 76.495, 37.2613
1.280000, 76.743, 36.6049
1.315000, 77.310, 35.0836
1.320000, 77.389, 34.8669
1.340000, 77.704, 34.0003
1.360000, 78.013, 33.1321
1.380000, 78.319, 32.2601
1.400000, 78.620, 31.3822
1.430000, 79.065, 30.0496
1.450000, 79.358, 29.1487
1.475000, 79.719, 28.0131
1.500000, 80.072, 26.8854
1.525000, 80.416, 25.7748
1.550000, 80.752, 24.6813
1.575000, 81.079, 23.6033
1.600000, 81.399, 22.5387
1.625000, 81.711, 21.4853
1.650000, 82.016, 20.4407
1.675000, 82.315, 19.4024
1.700000, 82.608, 18.3678
1.725000, 82.896, 17.3344
1.750000, 83.178, 16.2996
1.775000, 83.456, 15.2607
1.800000, 83.730, 14.2152
1.825000, 84.000, 13.1609
1.850000, 84.265, 12.0980
1.875000, 84.524, 11.0298
1.900000, 84.777, 9.9608
1.925000, 85.024, 8.8946
1.950000, 85.266, 7.8340
1.975000, 85.502, 6.7813
2.000000, 85.733, 5.7380
2.030000, 86.004, 4.5000
2.060000, 86.269, 3.2782
2.090000, 86.528, 2.0729
2.120000, 86.781, 0.8835
2.140000, 86.947, 0.0990
2.180000, 87.274, -1.4526
2.200000, 87.434, -2.2225
2.240000, 87.746, -3.7630
2.270000, 87.972, -4.9208
2.300000, 88.193, -6.0763
2.330000, 88.407, -7.2253
2.360000, 88.616, -8.3642
2.400000, 88.887, -9.8618
2.430000, 89.085, -10.9663
2.470000, 89.341, -12.4106
2.500000, 89.529, -13.4711
2.540000, 89.774, -14.8547
2.580000, 90.013, -16.2115
2.620000, 90.244, -17.5610
2.650000, 90.411, -18.5714
2.690000, 90.627, -19.9113
2.720000, 90.785, -20.9068
2.760000, 90.989, -22.2163
2.800000, 91.186, -23.5000
2.850000, 91.426, -25.0608
2.900000, 91.658, -26.5664
2.950000, 91.884, -28.0219
3.000000, 92.100, -29.4528
3.040000, 92.267, -30.5853
3.070000, 92.388, -31.4255
3.110000, 92.545, -32.5302
3.150000, 92.698, -33.6135
3.200000, 92.884, -34.9317
3.250000, 93.065, -36.2039
3.300000, 93.243, -37.4283
3.350000, 93.415, -38.6158
3.400000, 93.581, -39.7776
3.450000, 93.741, -40.9142
3.500000, 93.897, -42.0237
3.550000, 94.050, -43.1033
3.600000, 94.199, -44.1506
3.650000, 94.347, -45.1636
3.700000, 94.493, -46.1440
3.750000, 94.635, -47.0970
3.820000, 94.829, -48.3911
3.870000, 94.965, -49.2892
3.950000, 95.179, -50.6842
4.000000, 95.311, -51.5310
4.060000, 95.469, -52.5217
4.120000, 95.625, -53.4844
4.180000, 95.778, -54.4225
4.250000, 95.955, -55.4916
4.310000, 96.105, -56.3912
4.370000, 96.254, -57.2789
4.440000, 96.425, -58.3006
4.500000, 96.571, -59.1624
4.550000, 96.691, -59.8713
4.620000, 96.857, -60.8521
4.680000, 96.998, -61.6845
4.750000, 97.159, -62.6492
4.820000, 97.317, -63.6089
4.870000, 97.428, -64.2909
4.940000, 97.582, -65.2398
5.000000, 97.711, -66.0466
5.080000, 97.879, -67.1121
5.150000, 98.022, -68.0363
5.220000, 98.161, -68.9563
5.300000, 98.316, -70.0016
5.380000, 98.466, -71.0347
5.450000, 98.594, -71.9246
5.520000, 98.718, -72.8012
5.600000, 98.854, -73.7917
5.700000, 99.019, -75.0123
5.800000, 99.177, -76.2034
5.900000, 99.329, -77.3593
6.000000, 99.474, -78.4864
6.080000, 99.587, -79.3681
6.150000, 99.683, -80.1228
6.220000, 99.777, -80.8603
6.300000, 99.882, -81.6830
6.400000, 100.010, -82.6849
6.500000, 100.135, -83.6593
6.600000, 100.258, -84.6072
6.700000, 100.378, -85.5288
6.800000, 100.496, -86.4274
6.900000, 100.613, -87.3074
7.000000, 100.728, -88.1719
7.100000, 100.842, -89.0209
7.200000, 100.954, -89.8571
7.300000, 101.064, -90.6844
7.400000, 101.173, -91.5050
7.500000, 101.280, -92.3189
7.620000, 101.405, -93.2879
7.750000, 101.537, -94.3312
7.880000, 101.665, -95.3690
8.000000, 101.779, -96.3192
8.120000, 101.888, -97.2608
8.250000, 102.001, -98.2725
8.380000, 102.109, -99.2692
8.500000, 102.204, -100.1724
8.620000, 102.294, -101.0605
8.750000, 102.387, -102.0002
8.850000, 102.456, -102.7044
9.000000, 102.554, -103.7319
9.120000, 102.630, -104.5282
9.250000, 102.710, -105.3635
9.380000, 102.789, -106.1728
9.500000, 102.860, -106.9012
9.620000, 102.932, -107.6133
9.750000, 103.009, -108.3694
9.880000, 103.087, -109.1181
10.000000, 103.158, -109.8063
10.150000, 103.247, -110.6657
10.300000, 103.334, -111.5327
10.440000, 103.413, -112.3515
10.600000, 103.499, -113.2950
10.750000, 103.573, -114.1866
10.900000, 103.642, -115.0777
11.060000, 103.706, -116.0125
11.200000, 103.756, -116.8119
11.380000, 103.812, -117.7924
11.500000, 103.845, -118.4087
11.720000, 103.900, -119.4518
11.800000, 103.919, -119.7993
12.060000, 103.987, -120.8245
12.200000, 104.030, -121.3215
12.410000, 104.105, -122.0242
12.500000, 104.143, -122.3230
12.650000, 104.211, -122.8268
12.800000, 104.285, -123.3569
13.150000, 104.473, -124.7683
13.200000, 104.499, -124.9928
13.400000, 104.601, -125.9480
13.600000, 104.692, -126.9723
13.800000, 104.766, -128.0390
14.000000, 104.824, -129.1023
14.300000, 104.880, -130.6144
14.500000, 104.904, -131.5205
14.750000, 104.928, -132.5192
15.000000, 104.957, -133.3808
15.250000, 104.998, -134.1519
15.500000, 105.053, -134.8945
15.750000, 105.118, -135.6596
16.000000, 105.186, -136.4792
16.250000, 105.250, -137.3497
16.500000, 105.305, -138.2464
16.750000, 105.348, -139.1315
17.000000, 105.381, -139.9711
17.250000, 105.410, -140.7481
17.500000, 105.440, -141.4636
17.750000, 105.474, -142.1378
18.000000, 105.513, -142.7972
18.250000, 105.555, -143.4656
18.500000, 105.597, -144.1557
18.750000, 105.636, -144.8651
19.000000, 105.668, -145.5816
19.250000, 105.694, -146.2862
19.500000, 105.715, -146.9643
19.750000, 105.733, -147.6081
20.000000, 105.751, -148.2191
20.299999, 105.774, -148.9219
20.600000, 105.799, -149.6104
20.900000, 105.825, -150.3000
21.200001, 105.849, -150.9951
21.400000, 105.863, -151.4589
21.799999, 105.887, -152.3743
22.000000, 105.897, -152.8205
22.400000, 105.915, -153.6846
22.700001, 105.928, -154.3105
23.000000, 105.941, -154.9232
23.299999, 105.954, -155.5273
23.600000, 105.966, -156.1248
24.000000, 105.982, -156.9105
24.299999, 105.993, -157.4900
24.700001, 106.006, -158.2494
25.000000, 106.015, -158.8103
25.400000, 106.027, -159.5494
25.799999, 106.037, -160.2783
26.200001, 106.044, -160.9923
26.500000, 106.048, -161.5141
26.900000, 106.052, -162.1889
27.200001, 106.055, -162.6808
27.600000, 106.059, -163.3246
28.000000, 106.063, -163.9628
28.500000, 106.066, -164.7581
29.000000, 106.065, -165.5395
29.500000, 106.059, -166.2875
30.000000, 106.054, -166.9970
30.400000, 106.051, -167.5474
30.700001, 106.049, -167.9583
31.100000, 106.048, -168.5091
31.500000, 106.044, -169.0622
32.000000, 106.037, -169.7445
32.500000, 106.027, -170.4027
33.000000, 106.017, -171.0348
33.500000, 106.008, -171.6506
34.000000, 105.998, -172.2583
34.500000, 105.987, -172.8574
35.000000, 105.975, -173.4432
35.500000, 105.962, -174.0146
36.000000, 105.948, -174.5734
36.500000, 105.932, -175.1181
37.000000, 105.915, -175.6456
37.500000, 105.899, -176.1585
38.200001, 105.876, -176.8696
38.700001, 105.857, -177.3752
39.500000, 105.823, -178.1484
40.000000, 105.803, -178.6024
40.599998, 105.784, -179.1458
41.200001, 105.764, -179.7148
41.799999, 105.740, 179.7048
42.500000, 105.706, 179.0651
43.099998, 105.677, 178.5612
43.700001, 105.653, 178.0736
44.400002, 105.626, 177.4976
45.000000, 105.601, 177.0025
45.500000, 105.578, 176.6001
46.200001, 105.545, 176.0600
46.799999, 105.517, 175.6147
47.500000, 105.484, 175.1077
48.200001, 105.451, 174.6069
48.700001, 105.427, 174.2513
49.400002, 105.390, 173.7637
50.000000, 105.358, 173.3618
50.799999, 105.316, 172.8409
51.500000, 105.279, 172.3889
52.200001, 105.243, 171.9422
53.000000, 105.203, 171.4180
53.799999, 105.157, 170.8741
54.500000, 105.108, 170.4487
55.200001, 105.062, 170.1080
56.000000, 105.024, 169.7450
57.000000, 104.981, 169.2282
58.000000, 104.933, 168.6924
59.000000, 104.880, 168.1774
60.000000, 104.825, 167.7018
60.799999, 104.782, 167.3327
61.500000, 104.745, 167.0047
62.200001, 104.706, 166.6810
63.000000, 104.661, 166.3204
64.000000, 104.603, 165.8853
65.000000, 104.546, 165.4867
66.000000, 104.494, 165.1040
67.000000, 104.442, 164.7081
68.000000, 104.389, 164.3213
69.000000, 104.335, 163.9538
70.000000, 104.281, 163.5923
71.000000, 104.226, 163.2364
72.000000, 104.170, 162.8907
73.000000, 104.111, 162.5760
74.000000, 104.057, 162.2905
75.000000, 104.006, 161.9950
76.199997, 103.942, 161.6308
77.500000, 103.870, 161.2587
78.800003, 103.797, 160.9102
80.000000, 103.728, 160.5950
81.199997, 103.659, 160.3129
82.500000, 103.590, 160.0446
83.800003, 103.528, 159.7400
85.000000, 103.466, 159.4606
86.199997, 103.407, 159.2095
87.500000, 103.342, 158.9326
88.500000, 103.291, 158.7326
90.000000, 103.215, 158.4447
91.199997, 103.153, 158.2219
92.500000, 103.087, 157.9937
93.800003, 103.023, 157.7785
95.000000, 102.965, 157.5902
96.199997, 102.907, 157.4079
97.500000, 102.844, 157.2154
98.800003, 102.779, 157.0355
100.000000, 102.719, 156.8834
101.500000, 102.647, 156.6958
103.000000, 102.576, 156.5135
104.400002, 102.511, 156.3568
106.000000, 102.437, 156.1958
107.500000, 102.367, 156.0601
109.000000, 102.298, 155.9199
110.599998, 102.224, 155.7618
112.000000, 102.164, 155.6370
113.800003, 102.090, 155.4923
115.000000, 102.038, 155.4268
117.199997, 101.933, 155.3959
118.000000, 101.891, 155.4193
120.599998, 101.789, 155.4351
122.000000, 101.734, 155.2185
124.099998, 101.639, 154.9609
125.000000, 101.601, 154.8923
126.500000, 101.542, 154.8168
128.000000, 101.483, 154.7711
131.500000, 101.341, 154.7362
132.000000, 101.321, 154.7279
134.000000, 101.241, 154.6990
136.000000, 101.164, 154.6935
138.000000, 101.091, 154.6638
140.000000, 101.015, 154.5873
143.000000, 100.895, 154.5394
145.000000, 100.824, 154.5694
147.500000, 100.737, 154.5765
150.000000, 100.642, 154.6223
152.500000, 100.554, 154.7267
155.000000, 100.469, 154.8145
157.500000, 100.382, 154.9319
160.000000, 100.297, 155.1055
162.500000, 100.216, 155.2535
165.000000, 100.130, 155.3756
167.500000, 100.048, 155.5491
170.000000, 99.973, 155.7608
172.500000, 99.906, 156.0093
175.000000, 99.850, 156.2495
177.500000, 99.802, 156.4672
180.000000, 99.759, 156.6388
182.500000, 99.717, 156.7479
185.000000, 99.673, 156.8115
187.500000, 99.624, 156.8585
190.000000, 99.571, 156.8975
192.500000, 99.513, 156.9376
195.000000, 99.453, 157.0102
197.500000, 99.394, 157.1002
200.000000, 99.334, 157.1998
203.000000, 99.263, 157.3242
206.000000, 99.192, 157.4641
209.000000, 99.123, 157.6234
212.000000, 99.056, 157.7911
214.000000, 99.011, 157.9055
218.000000, 98.923, 158.1367
220.000000, 98.880, 158.2585
224.000000, 98.795, 158.5246
227.000000, 98.733, 158.7374
230.000000, 98.673, 158.9538
233.000000, 98.615, 159.1694
236.000000, 98.558, 159.3900
240.000000, 98.485, 159.6853
243.000000, 98.431, 159.9071
247.000000, 98.362, 160.1981
250.000000, 98.310, 160.4149
254.000000, 98.243, 160.7059
258.000000, 98.176, 160.9997
262.000000, 98.111, 161.3019
265.000000, 98.064, 161.5321
269.000000, 98.001, 161.8425
272.000000, 97.956, 162.0804
276.000000, 97.895, 162.3976
280.000000, 97.836, 162.7146
285.000000, 97.765, 163.1159
290.000000, 97.696, 163.5235
295.000000, 97.629, 163.9376
300.000000, 97.564, 164.3562
304.000000, 97.513, 164.6903
307.000000, 97.476, 164.9413
311.000000, 97.428, 165.2768
315.000000, 97.381, 165.6121
320.000000, 97.324, 166.0331
325.000000, 97.269, 166.4604
330.000000, 97.216, 166.8844
335.000000, 97.165, 167.3062
340.000000, 97.116, 167.7312
345.000000, 97.068, 168.1532
350.000000, 97.021, 168.5735
355.000000, 96.976, 168.9926
360.000000, 96.932, 169.4117
365.000000, 96.889, 169.8295
370.000000, 96.848, 170.2466
375.000000, 96.808, 170.6636
382.000000, 96.754, 171.2501
387.000000, 96.716, 171.6721
395.000000, 96.660, 172.3481
400.000000, 96.626, 172.7645
406.000000, 96.586, 173.2613
412.000000, 96.547, 173.7551
418.000000, 96.511, 174.2448
425.000000, 96.469, 174.8093
431.000000, 96.435, 175.2909
437.000000, 96.401, 175.7737
444.000000, 96.363, 176.3415
450.000000, 96.331, 176.8265
455.000000, 96.305, 177.2295
462.000000, 96.270, 177.7970
468.000000, 96.241, 178.2822
475.000000, 96.209, 178.8461
482.000000, 96.178, 179.4095
487.000000, 96.157, 179.8123
494.000000, 96.128, -179.6247
500.000000, 96.105, -179.1467
508.000000, 96.075, -178.5067
515.000000, 96.050, -177.9416
522.000000, 96.026, -177.3800
530.000000, 96.000, -176.7370
538.000000, 95.974, -176.0903
545.000000, 95.953, -175.5239
552.000000, 95.934, -174.9630
560.000000, 95.914, -174.3259
570.000000, 95.891, -173.5253
580.000000, 95.869, -172.7267
590.000000, 95.849, -171.9331
600.000000, 95.830, -171.1362
608.000000, 95.816, -170.4904
615.000000, 95.805, -169.9249
622.000000, 95.795, -169.3596
630.000000, 95.784, -168.7118
640.000000, 95.773, -167.9035
650.000000, 95.764, -167.0886
660.000000, 95.757, -166.2676
670.000000, 95.752, -165.4456
680.000000, 95.749, -164.6229
690.000000, 95.748, -163.7982
700.000000, 95.748, -162.9711
710.000000, 95.750, -162.1423
720.000000, 95.754, -161.3098
730.000000, 95.760, -160.4701
740.000000, 95.767, -159.6208
750.000000, 95.776, -158.7585
762.000000, 95.791, -157.7109
775.000000, 95.811, -156.5579
788.000000, 95.836, -155.3851
800.000000, 95.865, -154.2813
812.000000, 95.900, -153.1582
825.000000, 95.945, -151.9232
838.000000, 96.002, -150.6722
850.000000, 96.063, -149.5052
862.000000, 96.134, -148.3360
875.000000, 96.225, -147.0766
885.000000, 96.305, -146.1254
900.000000, 96.441, -144.7524
912.000000, 96.563, -143.7196
925.000000, 96.707, -142.6867
938.000000, 96.858, -141.7595
950.000000, 97.002, -141.0039
962.000000, 97.147, -140.3415
975.000000, 97.301, -139.7217
988.000000, 97.450, -139.1904
1000.000000, 97.582, -138.7572
1015.000000, 97.738, -138.2718
1030.000000, 97.885, -137.8304
1044.000000, 98.015, -137.4453
1060.000000, 98.157, -137.0250
1075.000000, 98.285, -136.6482
1090.000000, 98.409, -136.2858
1106.000000, 98.538, -135.9094
1120.000000, 98.649, -135.5894
1138.000000, 98.789, -135.1945
1150.000000, 98.880, -134.9440
1172.000000, 99.044, -134.5078
1180.000000, 99.102, -134.3549
1206.000000, 99.284, -133.8763
1220.000000, 99.378, -133.6263
1241.000000, 99.511, -133.2413
1250.000000, 99.566, -133.0624
1265.000000, 99.657, -132.7229
1280.000000, 99.754, -132.3158
1315.000000, 100.043, -131.4493
1320.000000, 100.087, -131.3852
1340.000000, 100.249, -131.2389
1360.000000, 100.388, -131.1232
1380.000000, 100.515, -130.9672
1400.000000, 100.637, -130.7770
1430.000000, 100.818, -130.4607
1450.000000, 100.940, -130.2401
1475.000000, 101.092, -129.9618
1500.000000, 101.245, -129.6871
1525.000000, 101.399, -129.4206
1550.000000, 101.555, -129.1655
1575.000000, 101.713, -128.9226
1600.000000, 101.871, -128.6939
1625.000000, 102.032, -128.4831
1650.000000, 102.193, -128.2931
1675.000000, 102.357, -128.1270
1700.000000, 102.523, -127.9858
1725.000000, 102.691, -127.8726
1750.000000, 102.861, -127.7907
1775.000000, 103.032, -127.7404
1800.000000, 103.205, -127.7236
1825.000000, 103.379, -127.7446
1850.000000, 103.554, -127.8041
1875.000000, 103.729, -127.9021
1900.000000, 103.904, -128.0426
1925.000000, 104.079, -128.2280
1950.000000, 104.255, -128.4585
1975.000000, 104.429, -128.7351
2000.000000, 104.603, -129.0584
2030.000000, 104.810, -129.5110
2060.000000, 105.014, -130.0368
2090.000000, 105.214, -130.6353
2120.000000, 105.408, -131.3055
2140.000000, 105.534, -131.7916
2180.000000, 105.778, -132.8554
2200.000000, 105.895, -133.4323
2240.000000, 106.116, -134.6725
2270.000000, 106.271, -135.6735
2300.000000, 106.416, -136.7285
2330.000000, 106.549, -137.8313
2360.000000, 106.669, -138.9763
2400.000000, 106.811, -140.5547
2430.000000, 106.901, -141.7675
2470.000000, 107.000, -143.4068
2500.000000, 107.059, -144.6421
2540.000000, 107.116, -146.2813
2580.000000, 107.150, -147.8940
2620.000000, 107.163, -149.4624
2650.000000, 107.160, -150.6007
2690.000000, 107.140, -152.0584
2720.000000, 107.114, -153.1008
2760.000000, 107.067, -154.4149
2800.000000, 107.008, -155.6373
2850.000000, 106.920, -157.0330
2900.000000, 106.821, -158.2811
2950.000000, 106.714, -159.3863
3000.000000, 106.603, -160.3549
3040.000000, 106.514, -161.0377
3070.000000, 106.447, -161.4988
3110.000000, 106.359, -162.0513
3150.000000, 106.274, -162.5385
3200.000000, 106.172, -163.0648
3250.000000, 106.076, -163.5132
3300.000000, 105.987, -163.8959
3350.000000, 105.906, -164.2260
3400.000000, 105.833, -164.5156
3450.000000, 105.770, -164.7776
3500.000000, 105.715, -165.0246
3550.000000, 105.668, -165.2666
3600.000000, 105.631, -165.5144
3650.000000, 105.600, -165.7795
3700.000000, 105.577, -166.0723
3750.000000, 105.559, -166.4036
3820.000000, 105.542, -166.9471
3870.000000, 105.534, -167.4019
3950.000000, 105.524, -168.2638
4000.000000, 105.518, -168.8940
4060.000000, 105.505, -169.7473
4120.000000, 105.486, -170.7071
4180.000000, 105.455, -171.7705
4250.000000, 105.400, -173.1310
4310.000000, 105.333, -174.3859
4370.000000, 105.244, -175.7029
4440.000000, 105.109, -177.2864
4500.000000, 104.967, -178.6535
4550.000000, 104.827, -179.7778
4620.000000, 104.602, 178.7033
4680.000000, 104.382, 177.4804
4750.000000, 104.097, 176.1790
4820.000000, 103.785, 175.0448
4870.000000, 103.548, 174.3529
4940.000000, 103.200, 173.5637
5000.000000, 102.891, 173.0609
5080.000000, 102.469, 172.6432
5150.000000, 102.096, 172.5115
5220.000000, 101.724, 172.5936
5300.000000, 101.304, 172.9400
5380.000000, 100.895, 173.5468
5450.000000, 100.549, 174.2963
5520.000000, 100.224, 175.2396
5600.000000, 99.887, 176.4306
5700.000000, 99.490, 177.9876
5800.000000, 99.113, 179.7908
5900.000000, 98.773, -178.1581
6000.000000, 98.480, -175.9224
6080.000000, 98.279, -174.0314
6150.000000, 98.131, -172.3205
6220.000000, 98.008, -170.5742
6300.000000, 97.900, -168.5530
6400.000000, 97.814, -166.0159
6500.000000, 97.783, -163.5026
6600.000000, 97.807, -161.0470
6700.000000, 97.888, -158.6871
6800.000000, 98.026, -156.4601
6900.000000, 98.222, -154.3944
7000.000000, 98.480, -152.5132
7100.000000, 98.808, -150.8409
7200.000000, 99.218, -149.4310
7300.000000, 99.731, -148.4168
7400.000000, 100.362, -148.0348
7500.000000, 101.119, -148.6387
7620.000000, 102.165, -151.3404
7750.000000, 103.339, -157.6942
7880.000000, 104.253, -168.2414
8000.000000, 104.526, 179.1011
8120.000000, 104.059, 165.8643
8250.000000, 102.813, 153.6895
8380.000000, 101.128, 145.3263
8500.000000, 99.476, 140.9027
8620.000000, 97.896, 138.8937
8750.000000, 96.335, 138.5752
8850.000000, 95.246, 139.2220
9000.000000, 93.781, 141.1641
9120.000000, 92.736, 143.3111
9250.000000, 91.717, 146.0461
9380.000000, 90.802, 149.0874
9500.000000, 90.039, 152.0945
9620.000000, 89.347, 155.2311
9750.000000, 88.669, 158.7246
9880.000000, 88.055, 162.3034
10000.000000, 87.539, 165.6780
10150.000000, 86.960, 169.9905
10300.000000, 86.448, 174.4196
10440.000000, 86.029, 178.6998
10600.000000, 85.622, -176.1668
10750.000000, 85.319, -171.0425
10900.000000, 85.119, -165.5189
11060.000000, 85.072, -159.1164
11200.000000, 85.234, -153.2175
11380.000000, 85.809, -145.8288
11500.000000, 86.459, -141.6378
11720.000000, 88.071, -138.0563
11800.000000, 88.654, -138.4821
12060.000000, 90.106, -143.4727
12200.000000, 90.639, -146.9938
12410.000000, 91.262, -152.4274
12500.000000, 91.497, -154.7990
12650.000000, 91.873, -158.9156
12800.000000, 92.235, -163.3795
13150.000000, 92.965, -175.7821
13200.000000, 93.046, -177.7950
13400.000000, 93.280, 173.6522
13600.000000, 93.354, 164.5716
13800.000000, 93.276, 155.3041
14000.000000, 93.059, 146.1552
14300.000000, 92.591, 133.3409
14500.000000, 92.303, 125.4180
14750.000000, 92.081, 115.7931
15000.000000, 92.098, 105.7925
15250.000000, 92.420, 94.4467
15500.000000, 93.060, 80.3966
15750.000000, 93.870, 61.9690
16000.000000, 94.428, 38.1982
16250.000000, 94.175, 10.4401
16500.000000, 92.853, -17.6348
16750.000000, 90.714, -42.7086
17000.000000, 88.259, -63.8910
17250.000000, 85.882, -82.1051
17500.000000, 83.772, -98.6867
17750.000000, 81.995, -114.9017
18000.000000, 80.527, -131.7817
18250.000000, 79.333, -150.0616
18500.000000, 78.400, -170.5374
18750.000000, 77.670, 165.8342
19000.000000, 76.887, 138.2488
19250.000000, 75.572, 108.0000
19500.000000, 73.862, 77.7136
19750.000000, 72.562, 46.2291
20000.000000, 71.892, 19.2198
