* Measurement data measured by REW V5.31
* Source: Headset (DS by VECLAN.COM), MICROPHONE (Master Volume), L, volume: 0.720. Timing signal peak level -8.3 dBFS, measurement signal peak level -8.7 dBFS
* Format: 2M Log Swept Sine, 1 sweep at -12.0 dBFS using an acoustic timing reference
* Dated: Apr 27, 2024 4:05:29 PM
* REW Settings:
*  C-weighting compensation: Off
*  Target level: 85.0 dB
* Note: ; Qudelix 5K Delay -0.2050 ms (-70 mm, -2.77 in) using estimated IR delay relative to Acoustic reference played from SPEAKER R with no timing offset Clock adjustment: -85.3 ppm
* Measurement: Dekoni Elite Hybrid R5
* Smoothing: 1/24 octave
* Frequency Step: 1/48 octave
* Start Frequency: 1.000 Hz
*
* Freq(Hz), SPL(dB), Phase(degrees)
1.000000, 45.399, -9.0104
1.015000, 45.481, -12.6142
1.030000, 45.569, -16.0254
1.044000, 45.655, -19.0553
1.060000, 45.759, -22.3627
1.075000, 45.861, -25.3404
1.090000, 45.968, -28.2343
1.106000, 46.090, -31.3073
1.120000, 46.206, -34.0813
1.138000, 46.371, -37.8084
1.150000, 46.491, -40.3809
1.172000, 46.727, -45.2282
1.180000, 46.818, -47.0190
1.206000, 47.130, -52.8737
1.220000, 47.307, -56.0127
1.241000, 47.582, -60.6497
1.250000, 47.702, -62.5988
1.265000, 47.906, -65.7829
1.280000, 48.113, -68.8750
1.315000, 48.600, -75.6868
1.320000, 48.670, -76.6115
1.340000, 48.947, -80.1890
1.360000, 49.220, -83.5772
1.380000, 49.486, -86.7881
1.400000, 49.743, -89.8379
1.430000, 50.106, -94.1550
1.450000, 50.330, -96.9010
1.475000, 50.589, -100.2936
1.500000, 50.832, -103.8282
1.525000, 51.064, -107.5501
1.550000, 51.286, -111.4112
1.575000, 51.499, -115.3550
1.600000, 51.705, -119.3298
1.625000, 51.904, -123.2903
1.650000, 52.099, -127.1997
1.675000, 52.289, -131.0308
1.700000, 52.477, -134.7661
1.725000, 52.663, -138.3974
1.750000, 52.848, -141.9250
1.775000, 53.034, -145.3568
1.800000, 53.221, -148.7097
1.825000, 53.411, -152.0228
1.850000, 53.601, -155.3970
1.875000, 53.789, -158.9312
1.900000, 53.974, -162.6221
1.925000, 54.157, -166.4242
1.950000, 54.338, -170.2880
1.975000, 54.517, -174.1675
2.000000, 54.695, -178.0233
2.030000, 54.909, 177.4260
2.060000, 55.124, 172.9953
2.090000, 55.339, 168.7071
2.120000, 55.558, 164.5673
2.140000, 55.705, 161.8862
2.180000, 56.005, 156.6752
2.200000, 56.159, 154.1027
2.240000, 56.472, 148.8385
2.270000, 56.713, 144.7494
2.300000, 56.957, 140.5941
2.330000, 57.203, 136.4339
2.360000, 57.451, 132.3225
2.400000, 57.783, 126.9899
2.430000, 58.030, 123.1401
2.470000, 58.357, 118.2362
2.500000, 58.598, 114.7339
2.540000, 58.913, 110.2760
2.580000, 59.222, 105.9537
2.620000, 59.528, 101.5775
2.650000, 59.757, 98.2420
2.690000, 60.060, 93.7857
2.720000, 60.284, 90.4827
2.760000, 60.578, 86.1890
2.800000, 60.864, 82.0703
2.850000, 61.207, 77.2214
2.900000, 61.529, 72.7244
2.950000, 61.830, 68.4768
3.000000, 62.114, 64.2239
3.040000, 62.330, 60.7808
3.070000, 62.485, 58.2036
3.110000, 62.683, 54.8163
3.150000, 62.868, 51.5295
3.200000, 63.082, 47.6278
3.250000, 63.276, 44.0146
3.300000, 63.447, 40.6884
3.350000, 63.596, 37.4857
3.400000, 63.725, 34.2775
3.450000, 63.832, 31.0887
3.500000, 63.921, 27.9877
3.550000, 63.990, 25.0528
3.600000, 64.041, 22.3684
3.650000, 64.074, 20.0223
3.700000, 64.084, 18.0129
3.750000, 64.067, 16.1072
3.820000, 64.007, 13.4808
3.870000, 63.948, 11.7290
3.950000, 63.846, 9.3785
4.000000, 63.788, 8.3145
4.060000, 63.718, 7.5238
4.120000, 63.632, 7.2219
4.180000, 63.535, 7.3413
4.250000, 63.444, 7.9412
4.310000, 63.417, 8.7823
4.370000, 63.463, 9.8643
4.440000, 63.626, 11.4590
4.500000, 63.846, 13.1591
4.550000, 64.077, 14.7080
4.620000, 64.461, 16.8242
4.680000, 64.835, 18.3764
4.750000, 65.316, 19.7050
4.820000, 65.858, 20.5920
4.870000, 66.289, 21.0536
4.940000, 66.934, 21.4394
5.000000, 67.501, 21.4753
5.080000, 68.238, 21.0389
5.150000, 68.845, 20.2090
5.220000, 69.427, 19.0674
5.300000, 70.072, 17.5110
5.380000, 70.687, 15.7559
5.450000, 71.193, 14.0781
5.520000, 71.665, 12.2590
5.600000, 72.162, 10.0032
5.700000, 72.730, 7.0322
5.800000, 73.241, 4.0449
5.900000, 73.700, 1.0764
6.000000, 74.103, -1.9641
6.080000, 74.389, -4.4018
6.150000, 74.616, -6.4750
6.220000, 74.824, -8.4654
6.300000, 75.037, -10.6743
6.400000, 75.266, -13.3905
6.500000, 75.462, -15.9906
6.600000, 75.631, -18.3917
6.700000, 75.773, -20.6172
6.800000, 75.890, -22.7078
6.900000, 75.990, -24.6302
7.000000, 76.080, -26.3519
7.100000, 76.156, -27.8916
7.200000, 76.224, -29.2705
7.300000, 76.288, -30.4892
7.400000, 76.353, -31.5438
7.500000, 76.417, -32.4424
7.620000, 76.497, -33.3419
7.750000, 76.593, -34.1183
7.880000, 76.699, -34.6941
8.000000, 76.809, -35.0732
8.120000, 76.933, -35.3261
8.250000, 77.085, -35.4643
8.380000, 77.259, -35.5057
8.500000, 77.443, -35.4829
8.620000, 77.650, -35.4148
8.750000, 77.900, -35.3654
8.850000, 78.112, -35.3765
9.000000, 78.459, -35.4818
9.120000, 78.755, -35.7154
9.250000, 79.086, -36.1639
9.380000, 79.427, -36.8004
9.500000, 79.736, -37.5732
9.620000, 80.034, -38.5366
9.750000, 80.339, -39.7567
9.880000, 80.609, -41.1102
10.000000, 80.818, -42.4687
10.150000, 81.028, -44.2546
10.300000, 81.181, -46.0117
10.440000, 81.274, -47.5992
10.600000, 81.335, -49.2363
10.750000, 81.358, -50.4974
10.900000, 81.360, -51.4785
11.060000, 81.363, -52.1457
11.200000, 81.376, -52.4124
11.380000, 81.442, -52.4494
11.500000, 81.527, -52.3300
11.720000, 81.773, -52.1121
11.800000, 81.894, -52.1133
12.060000, 82.365, -52.6180
12.200000, 82.641, -53.3420
12.410000, 83.046, -55.0011
12.500000, 83.202, -55.9119
12.650000, 83.430, -57.6621
12.800000, 83.609, -59.5959
13.150000, 83.793, -64.3883
13.200000, 83.793, -65.0436
13.400000, 83.729, -67.4815
13.600000, 83.583, -69.4281
13.800000, 83.382, -70.6934
14.000000, 83.174, -71.1756
14.300000, 82.953, -70.4963
14.500000, 82.938, -69.4318
14.750000, 83.087, -68.0652
15.000000, 83.390, -67.2483
15.250000, 83.754, -67.3441
15.500000, 84.087, -68.2733
15.750000, 84.326, -69.7351
16.000000, 84.445, -71.3033
16.250000, 84.460, -72.5455
16.500000, 84.415, -73.1943
16.750000, 84.377, -73.0703
17.000000, 84.424, -72.3380
17.250000, 84.595, -71.4080
17.500000, 84.888, -70.7891
17.750000, 85.245, -70.8624
18.000000, 85.599, -71.7217
18.250000, 85.887, -73.2408
18.500000, 86.071, -75.1286
18.750000, 86.142, -77.0535
19.000000, 86.116, -78.7106
19.250000, 86.031, -79.8666
19.500000, 85.939, -80.4639
19.750000, 85.885, -80.6115
20.000000, 85.897, -80.5793
20.299999, 85.989, -80.7247
20.600000, 86.106, -81.3506
20.900000, 86.174, -82.4039
21.200001, 86.151, -83.5243
21.400000, 86.089, -84.0707
21.799999, 85.937, -84.2339
22.000000, 85.904, -83.8334
22.400000, 86.042, -82.6757
22.700001, 86.327, -82.2941
23.000000, 86.687, -82.8652
23.299999, 87.027, -84.4287
23.600000, 87.274, -86.6904
24.000000, 87.419, -90.0332
24.299999, 87.413, -92.2788
24.700001, 87.335, -94.4975
25.000000, 87.288, -95.5787
25.400000, 87.288, -96.5486
25.799999, 87.348, -97.3416
26.200001, 87.425, -98.0657
26.500000, 87.481, -98.4728
26.900000, 87.569, -98.7129
27.200001, 87.663, -98.6830
27.600000, 87.838, -98.5292
28.000000, 88.056, -98.4420
28.500000, 88.343, -98.5355
29.000000, 88.620, -98.7775
29.500000, 88.889, -99.1721
30.000000, 89.132, -99.8564
30.400000, 89.274, -100.6088
30.700001, 89.337, -101.1977
31.100000, 89.366, -101.8360
31.500000, 89.357, -102.1409
32.000000, 89.358, -102.0239
32.500000, 89.431, -101.6838
33.000000, 89.577, -101.6190
33.500000, 89.748, -102.1060
34.000000, 89.894, -103.0875
34.500000, 89.998, -104.3463
35.000000, 90.065, -105.7140
35.500000, 90.104, -107.1444
36.000000, 90.102, -108.5941
36.500000, 90.036, -109.8226
37.000000, 89.919, -110.3579
37.500000, 89.844, -109.8222
38.200001, 90.069, -108.0818
38.700001, 90.475, -107.7632
39.500000, 91.070, -110.3223
40.000000, 91.183, -112.7640
40.599998, 91.084, -114.8402
41.200001, 90.956, -115.3848
41.799999, 90.970, -115.2246
42.500000, 91.114, -115.5370
43.099998, 91.234, -116.4714
43.700001, 91.295, -117.8015
44.400002, 91.251, -119.3119
45.000000, 91.157, -119.8907
45.500000, 91.138, -119.7712
46.200001, 91.289, -119.5797
46.799999, 91.489, -120.0731
47.500000, 91.679, -121.0504
48.200001, 91.856, -121.9359
48.700001, 91.991, -122.6407
49.400002, 92.131, -123.8199
50.000000, 92.175, -124.6824
50.799999, 92.184, -125.1819
51.500000, 92.202, -125.1373
52.200001, 92.252, -124.9113
53.000000, 92.352, -124.9034
53.799999, 92.418, -125.5280
54.500000, 92.387, -126.2225
55.200001, 92.321, -126.5826
56.000000, 92.307, -126.7844
57.000000, 92.376, -127.5837
58.000000, 92.431, -128.9080
59.000000, 92.476, -130.0474
60.000000, 92.573, -130.8049
60.799999, 92.704, -131.3071
61.500000, 92.835, -131.8260
62.200001, 92.951, -132.4192
63.000000, 93.044, -133.0538
64.000000, 93.108, -133.5869
65.000000, 93.147, -133.8800
66.000000, 93.180, -134.1156
67.000000, 93.238, -134.5185
68.000000, 93.297, -135.5997
69.000000, 93.253, -136.9868
70.000000, 93.186, -137.6986
71.000000, 93.230, -138.1812
72.000000, 93.300, -139.0146
73.000000, 93.334, -139.5647
74.000000, 93.414, -139.7258
75.000000, 93.505, -140.2375
76.199997, 93.468, -140.8607
77.500000, 93.400, -140.5087
78.800003, 93.425, -140.4982
80.000000, 93.437, -141.0183
81.199997, 93.451, -141.8368
82.500000, 93.459, -142.6384
83.800003, 93.531, -143.1639
85.000000, 93.618, -143.5884
86.199997, 93.706, -143.8127
87.500000, 93.784, -144.0014
88.500000, 93.831, -144.1091
90.000000, 93.904, -144.7385
91.199997, 93.912, -145.7288
92.500000, 93.868, -146.9310
93.800003, 93.795, -147.6011
95.000000, 93.826, -147.7407
96.199997, 93.913, -148.3006
97.500000, 93.947, -149.2057
98.800003, 93.940, -149.8741
100.000000, 93.940, -150.8119
101.500000, 93.815, -152.1336
103.000000, 93.688, -152.3685
104.400002, 93.691, -152.0273
106.000000, 93.821, -151.6863
107.500000, 93.941, -152.0530
109.000000, 93.956, -152.3243
110.599998, 94.014, -152.2476
112.000000, 94.100, -152.5175
113.800003, 94.169, -152.8780
115.000000, 94.175, -153.0332
117.199997, 94.064, -152.8002
118.000000, 94.006, -152.6970
120.599998, 93.879, -152.4250
122.000000, 93.931, -152.9495
124.099998, 94.026, -154.0964
125.000000, 94.054, -154.2999
126.500000, 94.109, -154.1470
128.000000, 94.171, -153.9838
131.500000, 94.180, -155.3484
132.000000, 94.166, -155.6384
134.000000, 94.141, -156.6335
136.000000, 94.122, -157.3367
138.000000, 94.115, -157.2671
140.000000, 94.167, -157.4056
143.000000, 94.227, -158.4102
145.000000, 94.188, -158.9019
147.500000, 94.122, -158.1910
150.000000, 94.117, -158.0872
152.500000, 94.094, -158.7255
155.000000, 94.075, -159.6426
157.500000, 93.992, -160.2668
160.000000, 93.931, -160.2841
162.500000, 94.029, -160.1478
165.000000, 94.152, -161.0294
167.500000, 94.061, -161.6959
170.000000, 93.918, -161.0804
172.500000, 93.831, -160.6439
175.000000, 93.768, -160.8574
177.500000, 93.754, -161.7333
180.000000, 93.723, -162.3925
182.500000, 93.757, -161.9557
185.000000, 93.790, -161.9985
187.500000, 93.736, -161.7119
190.000000, 93.751, -160.7256
192.500000, 93.793, -160.0311
195.000000, 93.792, -160.4975
197.500000, 93.744, -162.1884
200.000000, 93.702, -163.6373
203.000000, 93.663, -163.8855
206.000000, 93.525, -163.5095
209.000000, 93.440, -162.8088
212.000000, 93.520, -162.8670
214.000000, 93.540, -163.1008
218.000000, 93.449, -163.7759
220.000000, 93.414, -164.0317
224.000000, 93.366, -164.3341
227.000000, 93.246, -164.3536
230.000000, 93.209, -164.0228
233.000000, 93.246, -163.9406
236.000000, 93.250, -164.2623
240.000000, 93.315, -164.6455
243.000000, 93.282, -164.1293
247.000000, 93.152, -162.5641
250.000000, 93.100, -162.2443
254.000000, 92.997, -162.9377
258.000000, 92.980, -163.6873
262.000000, 92.995, -162.8144
265.000000, 92.947, -162.1074
269.000000, 92.923, -162.0648
272.000000, 92.939, -161.8459
276.000000, 92.942, -161.2877
280.000000, 92.955, -161.0367
285.000000, 92.852, -160.7352
290.000000, 92.789, -160.4991
295.000000, 92.761, -160.2471
300.000000, 92.730, -160.5826
304.000000, 92.746, -160.4679
307.000000, 92.745, -160.0119
311.000000, 92.720, -159.6391
315.000000, 92.661, -159.7018
320.000000, 92.491, -159.4427
325.000000, 92.575, -158.1016
330.000000, 92.770, -156.3774
335.000000, 92.597, -157.1960
340.000000, 92.573, -159.2299
345.000000, 92.793, -159.7834
350.000000, 92.916, -158.7131
355.000000, 92.549, -155.8506
360.000000, 92.254, -155.1633
365.000000, 92.214, -156.1168
370.000000, 92.261, -154.7109
375.000000, 92.307, -152.9721
382.000000, 92.173, -152.9330
387.000000, 92.246, -152.3607
395.000000, 92.263, -152.2700
400.000000, 92.227, -152.4576
406.000000, 92.185, -151.7451
412.000000, 92.090, -151.0347
418.000000, 91.984, -150.4883
425.000000, 91.952, -150.0844
431.000000, 91.963, -149.2988
437.000000, 91.920, -148.5811
444.000000, 91.871, -147.9343
450.000000, 91.843, -147.3669
455.000000, 91.827, -146.7460
462.000000, 91.811, -146.0048
468.000000, 91.796, -145.2021
475.000000, 91.774, -144.3288
482.000000, 91.756, -143.9122
487.000000, 91.756, -143.6002
494.000000, 91.698, -142.8571
500.000000, 91.616, -142.0958
508.000000, 91.604, -141.2758
515.000000, 91.654, -140.0012
522.000000, 91.688, -138.9830
530.000000, 91.742, -138.3080
538.000000, 91.718, -137.4536
545.000000, 91.660, -136.6512
552.000000, 91.617, -136.2674
560.000000, 91.664, -135.8187
570.000000, 91.884, -135.2437
580.000000, 92.174, -134.0046
590.000000, 92.158, -132.7822
600.000000, 92.042, -131.9537
608.000000, 92.008, -133.2382
615.000000, 91.921, -134.2909
622.000000, 91.857, -134.7143
630.000000, 91.957, -134.1606
640.000000, 92.254, -130.9667
650.000000, 92.078, -127.0234
660.000000, 91.671, -129.5337
670.000000, 92.182, -131.7634
680.000000, 92.064, -126.6609
690.000000, 91.552, -124.8557
700.000000, 91.366, -123.1024
710.000000, 91.313, -121.6687
720.000000, 91.339, -120.9099
730.000000, 91.359, -120.0161
740.000000, 91.333, -118.9825
750.000000, 91.266, -117.7925
762.000000, 91.223, -116.1009
775.000000, 91.255, -113.4388
788.000000, 91.301, -111.1552
800.000000, 91.284, -109.9321
812.000000, 91.352, -109.3975
825.000000, 91.449, -108.8958
838.000000, 91.588, -107.9902
850.000000, 91.690, -106.7993
862.000000, 91.697, -106.2761
875.000000, 91.735, -105.7294
885.000000, 91.735, -105.0390
900.000000, 91.646, -103.6161
912.000000, 91.596, -102.2345
925.000000, 91.601, -101.1125
938.000000, 91.613, -100.2953
950.000000, 91.646, -99.7155
962.000000, 91.662, -98.8929
975.000000, 91.629, -97.6412
988.000000, 91.603, -96.5459
1000.000000, 91.606, -95.6890
1015.000000, 91.583, -94.6687
1030.000000, 91.552, -93.6945
1044.000000, 91.504, -92.8024
1060.000000, 91.424, -91.8190
1075.000000, 91.373, -90.6694
1090.000000, 91.289, -88.8036
1106.000000, 91.147, -86.9735
1120.000000, 91.076, -85.8203
1138.000000, 91.000, -84.0773
1150.000000, 90.918, -82.9119
1172.000000, 90.804, -80.5969
1180.000000, 90.784, -79.5035
1206.000000, 90.771, -75.8643
1220.000000, 90.783, -73.9719
1241.000000, 90.817, -71.2980
1250.000000, 90.855, -70.1771
1265.000000, 90.985, -68.1404
1280.000000, 91.179, -66.4335
1315.000000, 91.225, -63.8633
1320.000000, 91.212, -62.7943
1340.000000, 91.142, -59.0486
1360.000000, 91.135, -56.8990
1380.000000, 91.141, -54.9189
1400.000000, 91.152, -52.8618
1430.000000, 91.098, -49.0646
1450.000000, 91.150, -46.2043
1475.000000, 91.314, -42.5338
1500.000000, 91.515, -39.1927
1525.000000, 91.778, -35.8792
1550.000000, 91.999, -33.1373
1575.000000, 92.177, -30.8413
1600.000000, 92.310, -28.5951
1625.000000, 92.417, -26.0197
1650.000000, 92.486, -23.5389
1675.000000, 92.580, -20.6884
1700.000000, 92.721, -17.8735
1725.000000, 92.917, -14.8199
1750.000000, 93.141, -11.9415
1775.000000, 93.382, -9.1891
1800.000000, 93.635, -6.4009
1825.000000, 93.839, -3.7584
1850.000000, 94.065, -1.1011
1875.000000, 94.318, 1.3940
1900.000000, 94.585, 3.6311
1925.000000, 94.868, 5.9426
1950.000000, 95.180, 8.3092
1975.000000, 95.509, 10.4122
2000.000000, 95.820, 12.2848
2030.000000, 96.149, 14.3412
2060.000000, 96.490, 16.6481
2090.000000, 96.876, 18.7758
2120.000000, 97.300, 20.6864
2140.000000, 97.620, 21.8324
2180.000000, 98.188, 23.2961
2200.000000, 98.401, 23.6246
2240.000000, 98.884, 24.0880
2270.000000, 99.189, 24.7438
2300.000000, 99.418, 25.6428
2330.000000, 99.671, 26.2209
2360.000000, 99.892, 26.8752
2400.000000, 100.114, 28.5194
2430.000000, 100.318, 29.8242
2470.000000, 100.639, 31.1185
2500.000000, 100.898, 31.8940
2540.000000, 101.255, 32.7680
2580.000000, 101.571, 33.1234
2620.000000, 101.859, 33.2162
2650.000000, 102.057, 33.2607
2690.000000, 102.288, 33.1301
2720.000000, 102.409, 32.9398
2760.000000, 102.496, 32.9159
2800.000000, 102.550, 33.3453
2850.000000, 102.655, 34.3855
2900.000000, 102.851, 35.4351
2950.000000, 103.070, 35.8719
3000.000000, 103.217, 36.0075
3040.000000, 103.305, 36.1507
3070.000000, 103.365, 36.1802
3110.000000, 103.428, 36.1657
3150.000000, 103.465, 36.1040
3200.000000, 103.471, 35.9946
3250.000000, 103.441, 35.8378
3300.000000, 103.340, 35.6821
3350.000000, 103.189, 35.9065
3400.000000, 103.049, 36.2228
3450.000000, 102.856, 36.3458
3500.000000, 102.563, 36.9268
3550.000000, 102.259, 38.4228
3600.000000, 102.031, 40.4474
3650.000000, 101.901, 42.3436
3700.000000, 101.793, 43.8396
3750.000000, 101.647, 45.0878
3820.000000, 101.349, 46.7947
3870.000000, 101.084, 48.4235
3950.000000, 100.659, 51.4825
4000.000000, 100.379, 53.5051
4060.000000, 100.010, 56.2754
4120.000000, 99.641, 59.6262
4180.000000, 99.294, 63.3657
4250.000000, 98.910, 68.2604
4310.000000, 98.621, 72.9955
4370.000000, 98.386, 78.2130
4440.000000, 98.200, 84.8967
4500.000000, 98.177, 91.4148
4550.000000, 98.357, 97.0673
4620.000000, 98.872, 103.6140
4680.000000, 99.351, 107.4922
4750.000000, 99.842, 111.1656
4820.000000, 100.346, 114.5699
4870.000000, 100.723, 116.4906
4940.000000, 101.220, 118.4476
5000.000000, 101.608, 119.7393
5080.000000, 102.099, 121.0020
5150.000000, 102.513, 121.5495
5220.000000, 102.910, 121.5208
5300.000000, 103.321, 120.6111
5380.000000, 103.623, 118.7994
5450.000000, 103.771, 116.6023
5520.000000, 103.779, 113.9531
5600.000000, 103.575, 110.6903
5700.000000, 103.034, 107.0974
5800.000000, 102.250, 104.2538
5900.000000, 101.185, 102.7453
6000.000000, 99.986, 103.5836
6080.000000, 99.064, 105.3719
6150.000000, 98.276, 107.5032
6220.000000, 97.514, 110.3286
6300.000000, 96.725, 114.2491
6400.000000, 95.843, 119.5037
6500.000000, 95.037, 125.2639
6600.000000, 94.360, 131.3527
6700.000000, 93.767, 137.2934
6800.000000, 93.229, 143.3555
6900.000000, 92.806, 149.4145
7000.000000, 92.464, 155.0138
7100.000000, 92.139, 160.4205
7200.000000, 91.845, 165.7414
7300.000000, 91.563, 170.6537
7400.000000, 91.255, 175.2676
7500.000000, 90.921, 179.7137
7620.000000, 90.490, -175.2141
7750.000000, 89.947, -169.9490
7880.000000, 89.173, -164.4160
8000.000000, 88.240, -158.3121
8120.000000, 87.212, -150.2492
8250.000000, 86.232, -138.9579
8380.000000, 85.652, -125.7856
8500.000000, 85.562, -113.9201
8620.000000, 85.741, -103.4598
8750.000000, 86.197, -93.8798
8850.000000, 86.645, -88.6563
9000.000000, 87.151, -83.8107
9120.000000, 87.333, -81.7835
9250.000000, 87.231, -80.8785
9380.000000, 86.782, -80.6519
9500.000000, 85.988, -80.4661
9620.000000, 84.815, -79.4583
9750.000000, 83.090, -76.6768
9880.000000, 80.811, -69.4087
10000.000000, 78.517, -54.2114
10150.000000, 77.003, -21.6151
10300.000000, 78.039, 7.2181
10440.000000, 79.786, 22.7304
10600.000000, 81.666, 33.1693
10750.000000, 83.335, 39.2312
10900.000000, 85.022, 41.0402
11060.000000, 86.471, 36.3141
11200.000000, 86.861, 27.0714
11380.000000, 85.648, 13.3502
11500.000000, 83.906, 5.6978
11720.000000, 79.786, -10.2272
11800.000000, 78.522, -23.6328
12060.000000, 80.752, -143.9329
12200.000000, 83.677, -170.0816
12410.000000, 86.376, 166.3405
12500.000000, 86.857, 158.3575
12650.000000, 86.890, 147.9007
12800.000000, 86.173, 141.8282
13150.000000, 83.768, 146.4431
13200.000000, 83.519, 148.3546
13400.000000, 82.708, 156.7847
13600.000000, 82.028, 166.5666
13800.000000, 81.483, 177.6086
14000.000000, 81.074, -170.0925
14300.000000, 81.005, -148.3856
14500.000000, 81.722, -133.6804
14750.000000, 83.272, -121.0224
15000.000000, 84.334, -116.4715
15250.000000, 84.233, -112.2549
15500.000000, 83.865, -102.6073
15750.000000, 84.062, -90.4878
16000.000000, 84.624, -79.4934
16250.000000, 85.255, -69.6249
16500.000000, 86.050, -60.0000
16750.000000, 87.230, -52.1220
17000.000000, 88.583, -48.9755
17250.000000, 89.560, -51.5722
17500.000000, 89.398, -58.3142
17750.000000, 87.619, -62.0547
18000.000000, 84.994, -56.7633
18250.000000, 82.576, -42.6573
18500.000000, 81.144, -21.5673
18750.000000, 81.571, 3.4487
19000.000000, 83.713, 24.1041
19250.000000, 86.131, 34.7307
19500.000000, 87.743, 36.5466
19750.000000, 88.066, 33.7213
20000.000000, 87.035, 31.6739
20300.000000, 84.701, 35.2155
20600.000000, 82.206, 44.9719
20900.000000, 80.054, 57.2798
21200.000000, 78.209, 67.8889
21400.000000, 76.885, 72.7193
21800.000000, 73.076, 78.6106
22000.000000, 70.200, 83.4955
22400.000000, 62.692, 119.8194
22700.000000, 57.677, 155.4454
23000.000000, 53.557, 174.5629
23300.000000, 48.902, -174.9729
23600.000000, 43.042, -169.3670
24000.000000, 34.492, -160.1745
