* Measurement data measured by REW V5.31.3
* Source: Headset (DS by VECLAN.COM), MICROPHONE (Master Volume), L, volume: 0.720. Timing signal peak level -31.6 dBFS, measurement signal peak level -7.5 dBFS
* Format: 2M Log Swept Sine, 1 sweep at -30.4 dBFS using an acoustic timing reference
* Dated: Nov 5, 2024 11:13:54 PM
* REW Settings:
*  C-weighting compensation: Off
*  Target level: 85.0 dB
* Note: ; Delay -0.2083 ms (-71 mm, -2.81 in) using estimated IR delay relative to Acoustic reference played from HEADPHONE R with no timing offset Clock adjustment: -136.2 ppm
* Measurement: Spatial ANC R1
* Smoothing: 1/24 octave
* Frequency Step: 1/48 octave
* Start Frequency: 1.000 Hz
*
* Freq(Hz), SPL(dB), Phase(degrees)
1.000000, 43.808, 175.6034
1.015000, 44.090, 173.5211
1.030000, 44.374, 171.4539
1.044000, 44.639, 169.5350
1.060000, 44.943, 167.3515
1.075000, 45.228, 165.3115
1.090000, 45.513, 163.2792
1.106000, 45.819, 161.1372
1.120000, 46.090, 159.3156
1.138000, 46.445, 157.0661
1.150000, 46.685, 155.6237
1.172000, 47.133, 153.0914
1.180000, 47.298, 152.2044
1.206000, 47.839, 149.4352
1.220000, 48.134, 148.0104
1.241000, 48.579, 145.9507
1.250000, 48.771, 145.0941
1.265000, 49.090, 143.6982
1.280000, 49.411, 142.3391
1.315000, 50.157, 139.2920
1.320000, 50.263, 138.8693
1.340000, 50.686, 137.2061
1.360000, 51.106, 135.5827
1.380000, 51.520, 133.9943
1.400000, 51.929, 132.4363
1.430000, 52.527, 130.1486
1.450000, 52.915, 128.6535
1.475000, 53.389, 126.8330
1.500000, 53.854, 125.1071
1.525000, 54.312, 123.4851
1.550000, 54.764, 121.9531
1.575000, 55.210, 120.4961
1.600000, 55.650, 119.1010
1.625000, 56.085, 117.7560
1.650000, 56.513, 116.4510
1.675000, 56.936, 115.1772
1.700000, 57.353, 113.9272
1.725000, 57.765, 112.6947
1.750000, 58.171, 111.4742
1.775000, 58.571, 110.2612
1.800000, 58.967, 109.0526
1.825000, 59.356, 107.8494
1.850000, 59.740, 106.6676
1.875000, 60.118, 105.5275
1.900000, 60.489, 104.4312
1.925000, 60.854, 103.3732
1.950000, 61.213, 102.3472
1.975000, 61.566, 101.3477
2.000000, 61.915, 100.3695
2.030000, 62.326, 99.2173
2.060000, 62.731, 98.0822
2.090000, 63.129, 96.9583
2.120000, 63.522, 95.8404
2.140000, 63.781, 95.0964
2.180000, 64.293, 93.6083
2.200000, 64.545, 92.8672
2.240000, 65.042, 91.4170
2.270000, 65.407, 90.3670
2.300000, 65.765, 89.3459
2.330000, 66.118, 88.3484
2.360000, 66.464, 87.3695
2.400000, 66.918, 86.0853
2.430000, 67.252, 85.1325
2.470000, 67.691, 83.8691
2.500000, 68.015, 82.9229
2.540000, 68.442, 81.6591
2.580000, 68.861, 80.3985
2.620000, 69.272, 79.1624
2.650000, 69.575, 78.2561
2.690000, 69.971, 77.0714
2.720000, 70.263, 76.1971
2.760000, 70.646, 75.0452
2.800000, 71.022, 73.9037
2.850000, 71.482, 72.4833
2.900000, 71.934, 71.0623
2.950000, 72.377, 69.6425
3.000000, 72.810, 68.2435
3.040000, 73.149, 67.1440
3.070000, 73.399, 66.3296
3.110000, 73.727, 65.2546
3.150000, 74.049, 64.1890
3.200000, 74.444, 62.8654
3.250000, 74.831, 61.5457
3.300000, 75.211, 60.2271
3.350000, 75.582, 58.9166
3.400000, 75.946, 57.6217
3.450000, 76.300, 56.3428
3.500000, 76.648, 55.0778
3.550000, 76.987, 53.8240
3.600000, 77.320, 52.5782
3.650000, 77.646, 51.3378
3.700000, 77.966, 50.1023
3.750000, 78.278, 48.8748
3.820000, 78.704, 47.1746
3.870000, 78.999, 45.9747
3.950000, 79.460, 44.0798
4.000000, 79.739, 42.9095
4.060000, 80.068, 41.5156
4.120000, 80.387, 40.1305
4.180000, 80.697, 38.7576
4.250000, 81.048, 37.1776
4.310000, 81.341, 35.8455
4.370000, 81.626, 34.5349
4.440000, 81.950, 33.0267
4.500000, 82.218, 31.7456
4.550000, 82.436, 30.6882
4.620000, 82.733, 29.2301
4.680000, 82.981, 28.0063
4.750000, 83.261, 26.6117
4.820000, 83.534, 25.2452
4.870000, 83.723, 24.2811
4.940000, 83.980, 22.9513
5.000000, 84.194, 21.8356
5.080000, 84.472, 20.3907
5.150000, 84.708, 19.1676
5.220000, 84.937, 17.9735
5.300000, 85.191, 16.6407
5.380000, 85.437, 15.3491
5.450000, 85.647, 14.2584
5.520000, 85.854, 13.2054
5.600000, 86.083, 12.0410
5.700000, 86.363, 10.6385
5.800000, 86.635, 9.2981
5.900000, 86.903, 8.0226
6.000000, 87.166, 6.8066
6.080000, 87.373, 5.8711
6.150000, 87.553, 5.0767
6.220000, 87.732, 4.3041
6.300000, 87.935, 3.4478
6.400000, 88.187, 2.4153
6.500000, 88.438, 1.4146
6.600000, 88.687, 0.4369
6.700000, 88.936, -0.5174
6.800000, 89.183, -1.4500
6.900000, 89.429, -2.3698
7.000000, 89.673, -3.2825
7.100000, 89.915, -4.1866
7.200000, 90.155, -5.0825
7.300000, 90.393, -5.9738
7.400000, 90.627, -6.8623
7.500000, 90.858, -7.7467
7.620000, 91.131, -8.7988
7.750000, 91.420, -9.9263
7.880000, 91.703, -11.0409
8.000000, 91.958, -12.0519
8.120000, 92.208, -13.0411
8.250000, 92.472, -14.0897
8.380000, 92.732, -15.1093
8.500000, 92.968, -16.0210
8.620000, 93.200, -16.9062
8.750000, 93.448, -17.8358
8.850000, 93.638, -18.5294
9.000000, 93.920, -19.5373
9.120000, 94.145, -20.3199
9.250000, 94.388, -21.1466
9.380000, 94.631, -21.9531
9.500000, 94.854, -22.6850
9.620000, 95.079, -23.4072
9.750000, 95.320, -24.1793
9.880000, 95.554, -24.9449
10.000000, 95.759, -25.6473
10.150000, 96.004, -26.5195
10.300000, 96.242, -27.3871
10.440000, 96.459, -28.1925
10.600000, 96.706, -29.1083
10.750000, 96.939, -29.9618
10.900000, 97.174, -30.8112
11.060000, 97.425, -31.7142
11.200000, 97.646, -32.5024
11.380000, 97.930, -33.5186
11.500000, 98.120, -34.1989
11.720000, 98.472, -35.4598
11.800000, 98.602, -35.9248
12.060000, 99.030, -37.4639
12.200000, 99.264, -38.3154
12.410000, 99.617, -39.6251
12.500000, 99.768, -40.1998
12.650000, 100.020, -41.1747
12.800000, 100.271, -42.1722
13.150000, 100.856, -44.5892
13.200000, 100.939, -44.9452
13.400000, 101.274, -46.3956
13.600000, 101.610, -47.8931
13.800000, 101.945, -49.4407
14.000000, 102.280, -51.0453
14.300000, 102.778, -53.5679
14.500000, 103.106, -55.3340
14.750000, 103.509, -57.6415
15.000000, 103.906, -60.0604
15.250000, 104.295, -62.5890
15.500000, 104.672, -65.2213
15.750000, 105.033, -67.9505
16.000000, 105.377, -70.7697
16.250000, 105.704, -73.6716
16.500000, 106.010, -76.6488
16.750000, 106.297, -79.6935
17.000000, 106.563, -82.7944
17.250000, 106.806, -85.9384
17.500000, 107.024, -89.1090
17.750000, 107.217, -92.2866
18.000000, 107.383, -95.4513
18.250000, 107.525, -98.5841
18.500000, 107.643, -101.6674
18.750000, 107.741, -104.6890
19.000000, 107.821, -107.6406
19.250000, 107.885, -110.5181
19.500000, 107.934, -113.3212
19.750000, 107.969, -116.0512
20.000000, 107.991, -118.7084
20.299999, 107.999, -121.7997
20.600000, 107.988, -124.7793
20.900000, 107.960, -127.6388
21.200001, 107.915, -130.3688
21.400000, 107.877, -132.1137
21.799999, 107.786, -135.4209
22.000000, 107.735, -136.9850
22.400000, 107.622, -139.9434
22.700001, 107.532, -142.0222
23.000000, 107.437, -143.9888
23.299999, 107.339, -145.8488
23.600000, 107.238, -147.6082
24.000000, 107.102, -149.8099
24.299999, 107.000, -151.3629
24.700001, 106.861, -153.3147
25.000000, 106.754, -154.6927
25.400000, 106.610, -156.4131
25.799999, 106.463, -157.9955
26.200001, 106.319, -159.4447
26.500000, 106.213, -160.4560
26.900000, 106.078, -161.7254
27.200001, 105.980, -162.6298
27.600000, 105.851, -163.7767
28.000000, 105.722, -164.8506
28.500000, 105.566, -166.0838
29.000000, 105.417, -167.2161
29.500000, 105.274, -168.2819
30.000000, 105.130, -169.2770
30.400000, 105.012, -169.9883
30.700001, 104.925, -170.4556
31.100000, 104.816, -170.9913
31.500000, 104.720, -171.4520
32.000000, 104.619, -171.9753
32.500000, 104.535, -172.4661
33.000000, 104.467, -172.9117
33.500000, 104.423, -173.3309
34.000000, 104.412, -173.8247
34.500000, 104.422, -174.5190
35.000000, 104.429, -175.4570
35.500000, 104.409, -176.5583
36.000000, 104.356, -177.6816
36.500000, 104.279, -178.7138
37.000000, 104.191, -179.6140
37.500000, 104.101, 179.6037
38.200001, 103.982, 178.6541
38.700001, 103.903, 178.0548
39.500000, 103.792, 177.1989
40.000000, 103.734, 176.7034
40.599998, 103.674, 176.1191
41.200001, 103.624, 175.5248
41.799999, 103.579, 174.9109
42.500000, 103.530, 174.1759
43.099998, 103.488, 173.5405
43.700001, 103.447, 172.9099
44.400002, 103.398, 172.1868
45.000000, 103.356, 171.5821
45.500000, 103.323, 171.0904
46.200001, 103.282, 170.4062
46.799999, 103.253, 169.7888
47.500000, 103.219, 168.9993
48.200001, 103.174, 168.1719
48.700001, 103.137, 167.5988
49.400002, 103.083, 166.8376
50.000000, 103.038, 166.2036
50.799999, 102.976, 165.3672
51.500000, 102.919, 164.6553
52.200001, 102.860, 163.9617
53.000000, 102.789, 163.1913
53.799999, 102.716, 162.4501
54.500000, 102.651, 161.8115
55.200001, 102.585, 161.1832
56.000000, 102.514, 160.4656
57.000000, 102.424, 159.4572
58.000000, 102.297, 158.4500
59.000000, 102.161, 157.7896
60.000000, 102.067, 157.3065
60.799999, 102.011, 156.8359
61.500000, 101.958, 156.3690
62.200001, 101.899, 155.9009
63.000000, 101.824, 155.3917
64.000000, 101.724, 154.7889
65.000000, 101.614, 154.2157
66.000000, 101.492, 153.6885
67.000000, 101.359, 153.2606
68.000000, 101.224, 152.9887
69.000000, 101.099, 152.8721
70.000000, 100.989, 152.8703
71.000000, 100.893, 152.9500
72.000000, 100.811, 153.1236
73.000000, 100.750, 153.3795
74.000000, 100.712, 153.6398
75.000000, 100.690, 153.8718
76.199997, 100.685, 154.0989
77.500000, 100.699, 154.2633
78.800003, 100.732, 154.3709
80.000000, 100.780, 154.4277
81.199997, 100.848, 154.4213
82.500000, 100.941, 154.3177
83.800003, 101.051, 154.0857
85.000000, 101.167, 153.7574
86.199997, 101.295, 153.2979
87.500000, 101.442, 152.6451
88.500000, 101.560, 152.0365
90.000000, 101.741, 150.9105
91.199997, 101.880, 149.8042
92.500000, 102.020, 148.4490
93.800003, 102.152, 146.9173
95.000000, 102.262, 145.3453
96.199997, 102.358, 143.6155
97.500000, 102.437, 141.5735
98.800003, 102.487, 139.3940
100.000000, 102.505, 137.2804
101.500000, 102.482, 134.5209
103.000000, 102.401, 131.7272
104.400002, 102.274, 129.1864
106.000000, 102.069, 126.4463
107.500000, 101.826, 124.1385
109.000000, 101.551, 122.1704
110.599998, 101.249, 120.4563
112.000000, 100.996, 119.2683
113.800003, 100.704, 118.0327
115.000000, 100.526, 117.2668
117.199997, 100.203, 115.8386
118.000000, 100.081, 115.3035
120.599998, 99.713, 113.6482
122.000000, 99.533, 112.5385
124.099998, 99.239, 110.9556
125.000000, 99.107, 110.3801
126.500000, 98.886, 109.5596
128.000000, 98.665, 108.8571
131.500000, 98.147, 107.4011
132.000000, 98.073, 107.2193
134.000000, 97.784, 106.5720
136.000000, 97.504, 106.0370
138.000000, 97.229, 105.5887
140.000000, 96.965, 105.1804
143.000000, 96.588, 104.6081
145.000000, 96.344, 104.3018
147.500000, 96.043, 103.9758
150.000000, 95.751, 103.6752
152.500000, 95.464, 103.4180
155.000000, 95.181, 103.2665
157.500000, 94.907, 103.1053
160.000000, 94.646, 102.8246
162.500000, 94.389, 102.4689
165.000000, 94.131, 102.3560
167.500000, 93.877, 102.2849
170.000000, 93.611, 102.1412
172.500000, 93.347, 101.9513
175.000000, 93.087, 101.7655
177.500000, 92.831, 101.7184
180.000000, 92.575, 101.6587
182.500000, 92.299, 101.6251
185.000000, 92.019, 101.6802
187.500000, 91.745, 101.7441
190.000000, 91.476, 101.7943
192.500000, 91.208, 101.8513
195.000000, 90.939, 101.9647
197.500000, 90.672, 102.1571
200.000000, 90.405, 102.4142
203.000000, 90.084, 102.7931
206.000000, 89.768, 103.2158
209.000000, 89.455, 103.6664
212.000000, 89.139, 104.1726
214.000000, 88.928, 104.5526
218.000000, 88.512, 105.4437
220.000000, 88.305, 105.9501
224.000000, 87.900, 107.0535
227.000000, 87.611, 107.9567
230.000000, 87.330, 108.8997
233.000000, 87.059, 109.8160
236.000000, 86.800, 110.7690
240.000000, 86.457, 112.2109
243.000000, 86.168, 113.2940
247.000000, 85.793, 114.9031
250.000000, 85.544, 116.2798
254.000000, 85.243, 118.1980
258.000000, 84.972, 120.0867
262.000000, 84.728, 121.9593
265.000000, 84.551, 123.2741
269.000000, 84.321, 124.8940
272.000000, 84.149, 126.1155
276.000000, 83.923, 127.9253
280.000000, 83.708, 129.7228
285.000000, 83.440, 131.8344
290.000000, 83.176, 133.9370
295.000000, 82.905, 135.9781
300.000000, 82.613, 138.0579
304.000000, 82.374, 139.9570
307.000000, 82.186, 141.5484
311.000000, 81.923, 143.9954
315.000000, 81.680, 146.9484
320.000000, 81.493, 151.3110
325.000000, 81.502, 155.5956
330.000000, 81.632, 158.8270
335.000000, 81.748, 161.0626
340.000000, 81.794, 162.9030
345.000000, 81.787, 164.7660
350.000000, 81.750, 166.7479
355.000000, 81.714, 168.6980
360.000000, 81.671, 170.7297
365.000000, 81.609, 173.0350
370.000000, 81.587, 175.7159
375.000000, 81.648, 178.3191
382.000000, 81.777, -178.7938
387.000000, 81.843, -176.9767
395.000000, 81.926, -174.0915
400.000000, 81.981, -172.2504
406.000000, 82.059, -170.0582
412.000000, 82.152, -167.8862
418.000000, 82.256, -165.7989
425.000000, 82.391, -163.4727
431.000000, 82.515, -161.5889
437.000000, 82.639, -159.8122
444.000000, 82.786, -157.8326
450.000000, 82.914, -156.2074
455.000000, 83.023, -154.8848
462.000000, 83.185, -153.1066
468.000000, 83.333, -151.6943
475.000000, 83.507, -150.2776
482.000000, 83.664, -149.0601
487.000000, 83.762, -148.1926
494.000000, 83.896, -146.9588
500.000000, 84.008, -145.9260
508.000000, 84.149, -144.5767
515.000000, 84.268, -143.4283
522.000000, 84.384, -142.3044
530.000000, 84.515, -141.0401
538.000000, 84.644, -139.7885
545.000000, 84.760, -138.7037
552.000000, 84.874, -137.6559
560.000000, 84.998, -136.4829
570.000000, 85.148, -135.0054
580.000000, 85.306, -133.4678
590.000000, 85.490, -131.9574
600.000000, 85.685, -130.6500
608.000000, 85.840, -129.7299
615.000000, 85.970, -128.9845
622.000000, 86.096, -128.2902
630.000000, 86.232, -127.5385
640.000000, 86.393, -126.6643
650.000000, 86.548, -125.8363
660.000000, 86.702, -125.0487
670.000000, 86.856, -124.3173
680.000000, 87.006, -123.7360
690.000000, 87.139, -123.2770
700.000000, 87.256, -122.8353
710.000000, 87.365, -122.4371
720.000000, 87.463, -122.0791
730.000000, 87.548, -121.7397
740.000000, 87.619, -121.4150
750.000000, 87.678, -121.1058
762.000000, 87.739, -120.7445
775.000000, 87.785, -120.3577
788.000000, 87.807, -119.9694
800.000000, 87.809, -119.6093
812.000000, 87.798, -119.1981
825.000000, 87.774, -118.6714
838.000000, 87.740, -118.0924
850.000000, 87.697, -117.5277
862.000000, 87.639, -116.9156
875.000000, 87.566, -116.1688
885.000000, 87.510, -115.5300
900.000000, 87.422, -114.4907
912.000000, 87.353, -113.5940
925.000000, 87.275, -112.5695
938.000000, 87.187, -111.4858
950.000000, 87.103, -110.4463
962.000000, 87.021, -109.3721
975.000000, 86.931, -108.1310
988.000000, 86.838, -106.8305
1000.000000, 86.753, -105.5892
1015.000000, 86.648, -103.9755
1030.000000, 86.542, -102.3118
1044.000000, 86.444, -100.7051
1060.000000, 86.335, -98.8212
1075.000000, 86.238, -96.9945
1090.000000, 86.150, -95.0790
1106.000000, 86.075, -92.9674
1120.000000, 86.018, -91.0888
1138.000000, 85.955, -88.6568
1150.000000, 85.925, -87.0219
1172.000000, 85.889, -84.1945
1180.000000, 85.872, -83.2711
1206.000000, 85.734, -80.4150
1220.000000, 85.603, -78.5594
1241.000000, 85.430, -74.9630
1250.000000, 85.390, -73.2446
1265.000000, 85.370, -70.3855
1280.000000, 85.386, -67.6547
1315.000000, 85.465, -61.6829
1320.000000, 85.479, -60.8588
1340.000000, 85.534, -57.6095
1360.000000, 85.578, -54.4177
1380.000000, 85.627, -51.2502
1400.000000, 85.704, -48.1105
1430.000000, 85.850, -43.5800
1450.000000, 85.950, -40.7119
1475.000000, 86.069, -37.2746
1500.000000, 86.173, -33.8895
1525.000000, 86.263, -30.4397
1550.000000, 86.346, -26.9487
1575.000000, 86.427, -23.4482
1600.000000, 86.502, -19.9263
1625.000000, 86.561, -16.3914
1650.000000, 86.603, -12.8075
1675.000000, 86.621, -9.1030
1700.000000, 86.604, -5.1379
1725.000000, 86.551, -0.6549
1750.000000, 86.483, 4.7695
1775.000000, 86.488, 11.8360
1800.000000, 86.818, 21.1763
1825.000000, 87.859, 31.2709
1850.000000, 89.523, 37.0663
1875.000000, 91.034, 36.1587
1900.000000, 91.902, 31.9222
1925.000000, 92.178, 27.8104
1950.000000, 92.095, 25.6146
1975.000000, 91.926, 25.6338
2000.000000, 91.840, 26.9598
2030.000000, 91.861, 28.9059
2060.000000, 91.930, 30.7822
2090.000000, 91.998, 32.7993
2120.000000, 92.070, 34.9935
2140.000000, 92.123, 36.5240
2180.000000, 92.238, 39.7133
2200.000000, 92.297, 41.2998
2240.000000, 92.420, 44.4013
2270.000000, 92.523, 46.7068
2300.000000, 92.633, 49.0003
2330.000000, 92.745, 51.2647
2360.000000, 92.854, 53.4786
2400.000000, 92.995, 56.3286
2430.000000, 93.092, 58.3717
2470.000000, 93.209, 60.9991
2500.000000, 93.286, 62.9092
2540.000000, 93.370, 65.3712
2580.000000, 93.424, 67.7277
2620.000000, 93.440, 70.0726
2650.000000, 93.429, 71.9143
2690.000000, 93.388, 74.4921
2720.000000, 93.340, 76.4760
2760.000000, 93.254, 79.2155
2800.000000, 93.167, 82.2271
2850.000000, 93.092, 86.3702
2900.000000, 93.092, 90.4327
2950.000000, 93.138, 92.9774
3000.000000, 93.145, 93.1643
3040.000000, 93.116, 92.5478
3070.000000, 93.067, 92.1286
3110.000000, 92.974, 91.7449
3150.000000, 92.865, 91.2845
3200.000000, 92.684, 90.2178
3250.000000, 92.394, 88.8427
3300.000000, 91.971, 87.7777
3350.000000, 91.477, 87.4144
3400.000000, 91.003, 87.4137
3450.000000, 90.528, 87.1731
3500.000000, 89.947, 86.6803
3550.000000, 89.178, 86.5914
3600.000000, 88.241, 87.9397
3650.000000, 87.233, 91.4109
3700.000000, 86.329, 97.6944
3750.000000, 85.917, 106.3832
3820.000000, 86.331, 114.9792
3870.000000, 86.668, 116.5000
3950.000000, 86.527, 116.1494
4000.000000, 86.093, 116.8344
4060.000000, 85.502, 119.6081
4120.000000, 84.994, 123.7272
4180.000000, 84.588, 128.7155
4250.000000, 84.304, 135.4600
4310.000000, 84.274, 141.1664
4370.000000, 84.424, 146.2021
4440.000000, 84.766, 150.9883
4500.000000, 85.130, 153.8617
4550.000000, 85.426, 155.2995
4620.000000, 85.754, 156.0565
4680.000000, 85.914, 155.9342
4750.000000, 85.939, 155.4353
4820.000000, 85.787, 154.9351
4870.000000, 85.582, 154.7351
4940.000000, 85.207, 155.0972
5000.000000, 84.863, 156.4412
5080.000000, 84.496, 159.7512
5150.000000, 84.365, 163.0234
5220.000000, 84.391, 165.6060
5300.000000, 84.547, 167.6464
5380.000000, 84.796, 168.2509
5450.000000, 85.005, 167.3395
5520.000000, 85.087, 165.1915
5600.000000, 84.890, 161.8480
5700.000000, 84.170, 158.4767
5800.000000, 83.198, 157.5206
5900.000000, 82.279, 158.0446
6000.000000, 81.459, 159.2684
6080.000000, 80.832, 160.6399
6150.000000, 80.285, 161.9310
6220.000000, 79.732, 163.2327
6300.000000, 79.103, 164.7780
6400.000000, 78.315, 166.6010
6500.000000, 77.445, 168.1639
6600.000000, 76.409, 170.3616
6700.000000, 75.220, 174.2960
6800.000000, 74.049, -179.4867
6900.000000, 73.088, -171.3088
7000.000000, 72.415, -162.0189
7100.000000, 72.051, -152.2289
7200.000000, 72.032, -142.4521
7300.000000, 72.327, -133.3896
7400.000000, 72.866, -125.5978
7500.000000, 73.576, -119.4082
7620.000000, 74.570, -114.4166
7750.000000, 75.668, -112.4187
7880.000000, 76.466, -113.7541
8000.000000, 76.753, -116.1520
8120.000000, 76.580, -116.9987
8250.000000, 76.041, -113.8069
8380.000000, 75.454, -106.4030
8500.000000, 75.252, -96.9826
8620.000000, 75.595, -87.6940
8750.000000, 76.383, -80.7366
8850.000000, 76.995, -78.1077
9000.000000, 77.558, -77.4627
9120.000000, 77.578, -78.0700
9250.000000, 77.186, -78.1915
9380.000000, 76.462, -76.6373
9500.000000, 75.653, -73.1367
9620.000000, 74.900, -67.6960
9750.000000, 74.297, -60.1212
9880.000000, 74.028, -51.7067
10000.000000, 74.097, -44.5644
10150.000000, 74.423, -38.1088
10300.000000, 74.718, -34.7231
10440.000000, 74.739, -33.5497
10600.000000, 74.357, -33.2031
10750.000000, 73.607, -32.9263
10900.000000, 72.410, -31.8814
11060.000000, 70.553, -27.0020
11200.000000, 68.808, -15.5401
11380.000000, 67.820, 5.9744
11500.000000, 68.045, 17.0145
11720.000000, 68.505, 25.9739
11800.000000, 68.322, 26.9724
12060.000000, 65.671, 37.0779
12200.000000, 64.641, 68.8946
12410.000000, 68.254, 114.2418
12500.000000, 70.096, 117.5815
12650.000000, 72.370, 116.0756
12800.000000, 73.745, 111.9881
13150.000000, 75.121, 103.9670
13200.000000, 75.214, 102.9907
13400.000000, 75.372, 98.9354
13600.000000, 75.162, 94.7476
13800.000000, 74.625, 90.6408
14000.000000, 73.697, 86.3283
14300.000000, 71.252, 83.9110
14500.000000, 69.652, 88.3709
14750.000000, 69.443, 91.0477
15000.000000, 70.568, 72.6494
15250.000000, 70.700, 23.2514
15500.000000, 68.784, -58.3434
15750.000000, 65.170, -114.8336
16000.000000, 61.189, -122.3441
16250.000000, 60.760, -103.6731
16500.000000, 62.402, -93.2217
16750.000000, 63.970, -85.9612
17000.000000, 65.867, -82.5919
17250.000000, 67.228, -88.7861
17500.000000, 66.542, -101.1293
17750.000000, 63.108, -101.3478
18000.000000, 60.167, -47.4881
18250.000000, 62.466, -11.1606
18500.000000, 65.067, -5.5164
18750.000000, 66.717, -3.9523
19000.000000, 67.855, -3.0169
19250.000000, 68.399, -3.4798
19500.000000, 68.107, -3.5299
19750.000000, 67.284, -0.8677
20000.000000, 66.274, 4.1454
20300.000000, 64.781, 12.4653
20600.000000, 62.562, 21.1027
20900.000000, 59.059, 26.5143
21200.000000, 54.350, 26.0000
21400.000000, 50.786, 26.0525
21800.000000, 42.848, 46.9254
22000.000000, 38.589, 67.3723
22400.000000, 31.417, 115.7899
22700.000000, 27.344, 149.4863
23000.000000, 22.938, 102.3560
23300.000000, 19.406, -179.7034
23600.000000, 17.860, -145.9652
24000.000000, 16.985, -166.0706
