1.000000, 54.696, 35.6806
1.015000, 55.043, 35.6410
1.030000, 55.384, 35.5491
1.044000, 55.695, 35.4172
1.060000, 56.043, 35.2131
1.075000, 56.359, 34.9719
1.090000, 56.665, 34.6858
1.106000, 56.981, 34.3454
1.120000, 57.253, 34.0399
1.138000, 57.598, 33.6508
1.150000, 57.826, 33.3938
1.172000, 58.240, 32.9246
1.180000, 58.389, 32.7537
1.206000, 58.869, 32.1940
1.220000, 59.123, 31.8882
1.241000, 59.501, 31.4208
1.250000, 59.661, 31.2167
1.265000, 59.926, 30.8709
1.280000, 60.188, 30.5171
1.315000, 60.789, 29.6565
1.320000, 60.874, 29.5292
1.340000, 61.210, 29.0081
1.360000, 61.540, 28.4670
1.380000, 61.866, 27.9048
1.400000, 62.187, 27.3204
1.430000, 62.659, 26.4001
1.450000, 62.967, 25.7571
1.475000, 63.346, 24.9295
1.500000, 63.715, 24.1017
1.525000, 64.075, 23.2849
1.550000, 64.426, 22.4774
1.575000, 64.769, 21.6765
1.600000, 65.105, 20.8790
1.625000, 65.433, 20.0822
1.650000, 65.754, 19.2834
1.675000, 66.068, 18.4800
1.700000, 66.377, 17.6696
1.725000, 66.679, 16.8500
1.750000, 66.977, 16.0189
1.775000, 67.270, 15.1743
1.800000, 67.559, 14.3145
1.825000, 67.844, 13.4387
1.850000, 68.124, 12.5508
1.875000, 68.398, 11.6583
1.900000, 68.666, 10.7656
1.925000, 68.928, 9.8752
1.950000, 69.184, 8.9883
1.975000, 69.434, 8.1061
2.000000, 69.679, 7.2292
2.030000, 69.968, 6.1842
2.060000, 70.249, 5.1471
2.090000, 70.525, 4.1174
2.120000, 70.795, 3.0941
2.140000, 70.973, 2.4149
2.180000, 71.322, 1.0610
2.200000, 71.494, 0.3848
2.240000, 71.829, -0.9700
2.270000, 72.073, -1.9871
2.300000, 72.311, -3.0017
2.330000, 72.543, -4.0112
2.360000, 72.770, -5.0132
2.400000, 73.064, -6.3347
2.430000, 73.279, -7.3133
2.470000, 73.559, -8.6000
2.500000, 73.765, -9.5509
2.540000, 74.035, -10.8006
2.580000, 74.298, -12.0349
2.620000, 74.553, -13.2648
2.650000, 74.739, -14.1855
2.690000, 74.980, -15.4068
2.720000, 75.156, -16.3154
2.760000, 75.385, -17.5136
2.800000, 75.608, -18.6933
2.850000, 75.880, -20.1374
2.900000, 76.144, -21.5443
2.950000, 76.401, -22.9185
3.000000, 76.650, -24.2765
3.040000, 76.842, -25.3540
3.070000, 76.983, -26.1554
3.110000, 77.166, -27.2125
3.150000, 77.345, -28.2542
3.200000, 77.563, -29.5309
3.250000, 77.777, -30.7759
3.300000, 77.985, -31.9890
3.350000, 78.188, -33.1787
3.400000, 78.385, -34.3521
3.450000, 78.576, -35.5089
3.500000, 78.763, -36.6468
3.550000, 78.944, -37.7638
3.600000, 79.122, -38.8579
3.650000, 79.297, -39.9282
3.700000, 79.469, -40.9775
3.750000, 79.637, -42.0105
3.820000, 79.865, -43.4318
3.870000, 80.024, -44.4293
3.950000, 80.272, -45.9938
4.000000, 80.423, -46.9521
4.060000, 80.602, -48.0834
4.120000, 80.777, -49.1979
4.180000, 80.949, -50.2969
4.250000, 81.143, -51.5602
4.310000, 81.306, -52.6272
4.370000, 81.466, -53.6803
4.440000, 81.648, -54.8943
4.500000, 81.801, -55.9248
4.550000, 81.926, -56.7763
4.620000, 82.096, -57.9561
4.680000, 82.238, -58.9547
4.750000, 82.400, -60.1052
4.820000, 82.557, -61.2440
4.870000, 82.667, -62.0527
4.940000, 82.816, -63.1761
5.000000, 82.940, -64.1280
5.080000, 83.100, -65.3773
5.150000, 83.236, -66.4519
5.220000, 83.366, -67.5153
5.300000, 83.510, -68.7178
5.380000, 83.648, -69.9000
5.450000, 83.765, -70.9123
5.520000, 83.877, -71.9034
5.600000, 84.001, -73.0166
5.700000, 84.148, -74.3801
5.800000, 84.289, -75.7032
5.900000, 84.425, -76.9800
6.000000, 84.554, -78.2173
6.080000, 84.653, -79.1809
6.150000, 84.738, -80.0036
6.220000, 84.822, -80.8061
6.300000, 84.915, -81.6990
6.400000, 85.029, -82.7827
6.500000, 85.140, -83.8347
6.600000, 85.250, -84.8578
6.700000, 85.358, -85.8522
6.800000, 85.465, -86.8213
6.900000, 85.570, -87.7713
7.000000, 85.675, -88.7066
7.100000, 85.779, -89.6271
7.200000, 85.881, -90.5352
7.300000, 85.982, -91.4355
7.400000, 86.081, -92.3308
7.500000, 86.179, -93.2208
7.620000, 86.293, -94.2815
7.750000, 86.412, -95.4234
7.880000, 86.526, -96.5599
8.000000, 86.626, -97.5980
8.120000, 86.721, -98.6225
8.250000, 86.819, -99.7188
8.380000, 86.910, -100.7921
8.500000, 86.989, -101.7567
8.620000, 87.063, -102.6976
8.750000, 87.139, -103.6839
8.850000, 87.195, -104.4154
9.000000, 87.275, -105.4703
9.120000, 87.336, -106.2774
9.250000, 87.401, -107.1127
9.380000, 87.466, -107.9106
9.500000, 87.527, -108.6193
9.620000, 87.589, -109.3032
9.750000, 87.656, -110.0199
9.880000, 87.720, -110.7214
10.000000, 87.771, -111.3599
10.150000, 87.829, -112.1503
10.300000, 87.885, -112.9446
10.440000, 87.936, -113.6935
10.600000, 87.994, -114.5608
10.750000, 88.049, -115.3890
10.900000, 88.104, -116.2282
11.060000, 88.159, -117.1291
11.200000, 88.204, -117.9196
11.380000, 88.256, -118.9235
11.500000, 88.288, -119.5802
11.720000, 88.340, -120.7449
11.800000, 88.358, -121.1516
12.060000, 88.411, -122.4087
12.200000, 88.439, -123.0422
12.410000, 88.482, -123.9424
12.500000, 88.502, -124.3135
12.650000, 88.537, -124.9158
12.800000, 88.575, -125.5065
13.150000, 88.670, -126.8776
13.200000, 88.684, -127.0756
13.400000, 88.740, -127.8764
13.600000, 88.792, -128.6888
13.800000, 88.839, -129.5070
14.000000, 88.880, -130.3159
14.300000, 88.930, -131.4835
14.500000, 88.958, -132.2124
14.750000, 88.989, -133.0605
15.000000, 89.021, -133.8450
15.250000, 89.059, -134.5889
15.500000, 89.103, -135.3227
15.750000, 89.152, -136.0715
16.000000, 89.200, -136.8497
16.250000, 89.244, -137.6522
16.500000, 89.281, -138.4615
16.750000, 89.310, -139.2531
17.000000, 89.334, -140.0064
17.250000, 89.357, -140.7148
17.500000, 89.382, -141.3861
17.750000, 89.412, -142.0433
18.000000, 89.446, -142.7110
18.250000, 89.479, -143.4076
18.500000, 89.508, -144.1349
18.750000, 89.528, -144.8749
19.000000, 89.537, -145.5968
19.250000, 89.538, -146.2624
19.500000, 89.535, -146.8445
19.750000, 89.534, -147.3348
20.000000, 89.542, -147.7490
20.299999, 89.569, -148.2001
20.600000, 89.616, -148.6777
20.900000, 89.675, -149.2462
21.200001, 89.734, -149.9276
21.400000, 89.768, -150.4320
21.799999, 89.813, -151.4865
22.000000, 89.825, -151.9991
22.400000, 89.834, -152.9308
22.700001, 89.838, -153.5376
23.000000, 89.845, -154.0865
23.299999, 89.855, -154.6071
23.600000, 89.867, -155.1195
24.000000, 89.882, -155.7933
24.299999, 89.891, -156.2799
24.700001, 89.903, -156.8969
25.000000, 89.917, -157.3512
25.400000, 89.939, -157.9850
25.799999, 89.957, -158.6730
26.200001, 89.961, -159.3849
26.500000, 89.956, -159.8931
26.900000, 89.943, -160.4933
27.200001, 89.937, -160.8871
27.600000, 89.939, -161.3851
28.000000, 89.951, -161.9187
28.500000, 89.963, -162.6738
29.000000, 89.960, -163.4545
29.500000, 89.948, -164.1661
30.000000, 89.943, -164.8173
30.400000, 89.943, -165.3453
30.700001, 89.943, -165.7576
31.100000, 89.936, -166.3094
31.500000, 89.923, -166.8265
32.000000, 89.907, -167.3982
32.500000, 89.899, -167.9331
33.000000, 89.896, -168.4985
33.500000, 89.887, -169.0919
34.000000, 89.869, -169.6551
34.500000, 89.852, -170.1614
35.000000, 89.839, -170.6472
35.500000, 89.828, -171.1514
36.000000, 89.812, -171.6651
36.500000, 89.792, -172.1558
37.000000, 89.773, -172.6184
37.500000, 89.757, -173.0763
38.200001, 89.731, -173.7263
38.700001, 89.710, -174.1780
39.500000, 89.675, -174.8678
40.000000, 89.652, -175.2858
40.599998, 89.623, -175.7605
41.200001, 89.597, -176.2085
41.799999, 89.576, -176.6752
42.500000, 89.547, -177.2602
43.099998, 89.513, -177.7289
43.700001, 89.481, -178.1382
44.400002, 89.454, -178.6197
45.000000, 89.428, -179.0783
45.500000, 89.397, -179.4509
46.200001, 89.345, -179.8616
46.799999, 89.306, 179.8983
47.500000, 89.276, 179.6441
48.200001, 89.244, 179.3376
48.700001, 89.212, 179.1441
49.400002, 89.166, 179.0233
50.000000, 89.152, 178.9724
50.799999, 89.151, 178.6150
51.500000, 89.106, 178.1163
52.200001, 89.025, 177.8732
53.000000, 88.972, 177.8610
53.799999, 88.954, 177.6677
54.500000, 88.925, 177.4210
55.200001, 88.899, 177.2565
56.000000, 88.883, 177.1066
57.000000, 88.892, 177.0229
58.000000, 88.953, 176.5987
59.000000, 88.928, 175.9044
60.000000, 88.894, 175.8530
60.799999, 88.932, 175.6673
61.500000, 88.943, 175.1830
62.200001, 88.918, 174.7010
63.000000, 88.879, 174.2473
64.000000, 88.814, 173.7418
65.000000, 88.751, 173.4340
66.000000, 88.712, 173.1715
67.000000, 88.681, 172.9230
68.000000, 88.668, 172.6729
69.000000, 88.657, 172.3192
70.000000, 88.633, 171.9339
71.000000, 88.603, 171.5704
72.000000, 88.571, 171.1966
73.000000, 88.534, 170.7937
74.000000, 88.492, 170.3961
75.000000, 88.449, 170.0366
76.199997, 88.402, 169.6418
77.500000, 88.351, 169.2303
78.800003, 88.294, 168.8661
80.000000, 88.237, 168.5830
81.199997, 88.179, 168.3306
82.500000, 88.117, 168.0623
83.800003, 88.053, 167.7709
85.000000, 87.992, 167.5795
86.199997, 87.947, 167.4326
87.500000, 87.906, 167.1770
88.500000, 87.866, 166.9555
90.000000, 87.797, 166.6983
91.199997, 87.743, 166.5461
92.500000, 87.689, 166.3998
93.800003, 87.638, 166.2319
95.000000, 87.587, 166.0728
96.199997, 87.535, 165.9406
97.500000, 87.480, 165.8198
98.800003, 87.429, 165.6953
100.000000, 87.382, 165.5760
101.500000, 87.324, 165.3964
103.000000, 87.263, 165.2687
104.400002, 87.215, 165.2053
106.000000, 87.172, 165.1082
107.500000, 87.131, 164.9778
109.000000, 87.089, 164.8795
110.599998, 87.042, 164.7458
112.000000, 86.986, 164.6609
113.800003, 86.916, 164.6823
115.000000, 86.874, 164.6790
117.199997, 86.801, 164.6438
118.000000, 86.776, 164.6172
120.599998, 86.694, 164.5309
122.000000, 86.651, 164.5149
124.099998, 86.591, 164.5230
125.000000, 86.568, 164.5267
126.500000, 86.533, 164.5172
128.000000, 86.496, 164.4996
131.500000, 86.402, 164.5231
132.000000, 86.388, 164.5288
134.000000, 86.330, 164.5205
136.000000, 86.271, 164.4793
138.000000, 86.216, 164.4600
140.000000, 86.163, 164.4801
143.000000, 86.083, 164.6197
145.000000, 86.033, 164.7348
147.500000, 85.978, 164.9055
150.000000, 85.932, 165.1424
152.500000, 85.891, 165.4160
155.000000, 85.857, 165.7260
157.500000, 85.835, 166.0222
160.000000, 85.813, 166.3041
162.500000, 85.775, 166.5367
165.000000, 85.722, 166.6486
167.500000, 85.648, 166.6084
170.000000, 85.563, 166.4993
172.500000, 85.484, 166.3675
175.000000, 85.410, 166.2551
177.500000, 85.343, 166.1692
180.000000, 85.282, 166.1092
182.500000, 85.230, 166.0897
185.000000, 85.197, 166.1001
187.500000, 85.188, 166.1230
190.000000, 85.194, 166.1603
192.500000, 85.205, 166.2126
195.000000, 85.214, 166.2798
197.500000, 85.216, 166.3466
200.000000, 85.204, 166.4184
203.000000, 85.178, 166.5249
206.000000, 85.145, 166.6177
209.000000, 85.110, 166.7142
212.000000, 85.072, 166.8126
214.000000, 85.044, 166.8920
218.000000, 84.986, 167.0226
220.000000, 84.957, 167.0889
224.000000, 84.902, 167.2888
227.000000, 84.860, 167.4118
230.000000, 84.814, 167.5204
233.000000, 84.772, 167.6657
236.000000, 84.734, 167.8277
240.000000, 84.686, 168.0315
243.000000, 84.650, 168.1827
247.000000, 84.605, 168.3869
250.000000, 84.571, 168.5371
254.000000, 84.527, 168.7347
258.000000, 84.485, 168.9594
262.000000, 84.440, 169.1748
265.000000, 84.407, 169.3136
269.000000, 84.368, 169.5118
272.000000, 84.338, 169.6851
276.000000, 84.298, 169.8799
280.000000, 84.263, 170.0981
285.000000, 84.223, 170.4206
290.000000, 84.182, 170.6837
295.000000, 84.139, 170.9709
300.000000, 84.102, 171.2578
304.000000, 84.075, 171.4869
307.000000, 84.050, 171.6600
311.000000, 84.013, 171.8937
315.000000, 83.979, 172.1338
320.000000, 83.939, 172.4329
325.000000, 83.903, 172.7153
330.000000, 83.872, 173.0157
335.000000, 83.840, 173.3108
340.000000, 83.803, 173.6093
345.000000, 83.771, 173.9370
350.000000, 83.741, 174.2959
355.000000, 83.713, 174.6521
360.000000, 83.693, 174.9792
365.000000, 83.674, 175.3139
370.000000, 83.651, 175.6739
375.000000, 83.633, 176.0348
382.000000, 83.612, 176.5256
387.000000, 83.598, 176.8926
395.000000, 83.588, 177.4892
400.000000, 83.589, 177.8404
406.000000, 83.593, 178.2113
412.000000, 83.598, 178.5413
418.000000, 83.602, 178.8368
425.000000, 83.607, 179.1537
431.000000, 83.613, 179.3803
437.000000, 83.616, 179.5593
444.000000, 83.612, 179.7573
450.000000, 83.600, 179.9188
455.000000, 83.588, -179.9300
462.000000, 83.570, -179.7108
468.000000, 83.554, -179.5260
475.000000, 83.536, -179.2896
482.000000, 83.514, -179.0109
487.000000, 83.498, -178.8010
494.000000, 83.473, -178.5140
500.000000, 83.453, -178.2601
508.000000, 83.427, -177.9079
515.000000, 83.406, -177.5920
522.000000, 83.388, -177.2787
530.000000, 83.367, -176.9232
538.000000, 83.346, -176.5487
545.000000, 83.328, -176.2126
552.000000, 83.310, -175.8699
560.000000, 83.290, -175.4709
570.000000, 83.265, -174.9683
580.000000, 83.243, -174.4634
590.000000, 83.222, -173.9392
600.000000, 83.203, -173.3977
608.000000, 83.188, -172.9560
615.000000, 83.176, -172.5698
622.000000, 83.164, -172.1795
630.000000, 83.153, -171.7288
640.000000, 83.141, -171.1546
650.000000, 83.130, -170.5648
660.000000, 83.120, -169.9590
670.000000, 83.113, -169.3427
680.000000, 83.109, -168.7120
690.000000, 83.108, -168.0677
700.000000, 83.110, -167.4121
710.000000, 83.115, -166.7433
720.000000, 83.126, -166.0572
730.000000, 83.140, -165.3636
740.000000, 83.161, -164.6660
750.000000, 83.189, -163.9790
762.000000, 83.228, -163.1714
775.000000, 83.277, -162.3102
788.000000, 83.335, -161.4890
800.000000, 83.392, -160.7693
812.000000, 83.450, -160.0764
825.000000, 83.514, -159.3503
838.000000, 83.579, -158.6507
850.000000, 83.637, -158.0180
862.000000, 83.692, -157.3950
875.000000, 83.757, -156.7247
885.000000, 83.815, -156.2160
900.000000, 83.904, -155.4695
912.000000, 83.967, -154.8848
925.000000, 84.033, -154.2611
938.000000, 84.103, -153.6506
950.000000, 84.173, -153.0998
962.000000, 84.248, -152.5698
975.000000, 84.332, -152.0166
988.000000, 84.417, -151.4836
1000.000000, 84.496, -151.0152
1015.000000, 84.596, -150.4626
1030.000000, 84.698, -149.9461
1044.000000, 84.794, -149.5029
1060.000000, 84.905, -149.0422
1075.000000, 85.010, -148.6532
1090.000000, 85.113, -148.3031
1106.000000, 85.223, -147.9681
1120.000000, 85.319, -147.7113
1138.000000, 85.443, -147.4258
1150.000000, 85.525, -147.2611
1172.000000, 85.673, -147.0059
1180.000000, 85.725, -146.9253
1206.000000, 85.890, -146.7057
1220.000000, 85.977, -146.6122
1241.000000, 86.105, -146.4963
1250.000000, 86.160, -146.4537
1265.000000, 86.251, -146.3890
1280.000000, 86.341, -146.3302
1315.000000, 86.550, -146.2217
1320.000000, 86.579, -146.2083
1340.000000, 86.697, -146.1589
1360.000000, 86.815, -146.1153
1380.000000, 86.932, -146.0780
1400.000000, 87.050, -146.0509
1430.000000, 87.228, -146.0291
1450.000000, 87.346, -146.0313
1475.000000, 87.494, -146.0571
1500.000000, 87.641, -146.1046
1525.000000, 87.785, -146.1658
1550.000000, 87.929, -146.2221
1575.000000, 88.076, -146.2662
1600.000000, 88.231, -146.3050
1625.000000, 88.397, -146.3697
1650.000000, 88.573, -146.4934
1675.000000, 88.758, -146.7047
1700.000000, 88.949, -147.0240
1725.000000, 89.144, -147.4607
1750.000000, 89.339, -148.0280
1775.000000, 89.529, -148.7321
1800.000000, 89.711, -149.5731
1825.000000, 89.882, -150.5505
1850.000000, 90.038, -151.6496
1875.000000, 90.176, -152.8496
1900.000000, 90.295, -154.1352
1925.000000, 90.392, -155.4816
1950.000000, 90.465, -156.8604
1975.000000, 90.514, -158.2421
2000.000000, 90.539, -159.5959
2030.000000, 90.539, -161.1449
2060.000000, 90.511, -162.5806
2090.000000, 90.462, -163.8791
2120.000000, 90.398, -165.0299
2140.000000, 90.350, -165.7154
2180.000000, 90.245, -166.8913
2200.000000, 90.192, -167.3892
2240.000000, 90.085, -168.2252
2270.000000, 90.009, -168.7285
2300.000000, 89.938, -169.1466
2330.000000, 89.874, -169.4927
2360.000000, 89.817, -169.7776
2400.000000, 89.750, -170.0828
2430.000000, 89.709, -170.2693
2470.000000, 89.665, -170.4772
2500.000000, 89.640, -170.6158
2540.000000, 89.620, -170.7999
2580.000000, 89.610, -171.0056
2620.000000, 89.609, -171.2554
2650.000000, 89.609, -171.4715
2690.000000, 89.610, -171.7844
2720.000000, 89.610, -172.0326
2760.000000, 89.611, -172.3735
2800.000000, 89.615, -172.7328
2850.000000, 89.624, -173.2248
2900.000000, 89.634, -173.7793
2950.000000, 89.640, -174.4045
3000.000000, 89.640, -175.0883
3040.000000, 89.633, -175.6734
3070.000000, 89.622, -176.1369
3110.000000, 89.597, -176.7917
3150.000000, 89.554, -177.4938
3200.000000, 89.466, -178.4374
3250.000000, 89.340, -179.4342
3300.000000, 89.175, 179.5329
3350.000000, 88.983, 178.4844
3400.000000, 88.780, 177.4416
3450.000000, 88.571, 176.4204
3500.000000, 88.361, 175.4414
3550.000000, 88.142, 174.5258
3600.000000, 87.903, 173.6927
3650.000000, 87.629, 172.9653
3700.000000, 87.308, 172.3596
3750.000000, 86.935, 171.8952
3820.000000, 86.328, 171.5242
3870.000000, 85.853, 171.4951
3950.000000, 85.050, 171.9505
4000.000000, 84.537, 172.5985
4060.000000, 83.932, 173.8040
4120.000000, 83.352, 175.5262
4180.000000, 82.813, 177.8184
4250.000000, 82.242, -178.7325
4310.000000, 81.812, -175.0846
4370.000000, 81.452, -170.7941
4440.000000, 81.136, -165.0238
4500.000000, 80.980, -159.5306
4550.000000, 80.948, -154.6918
4620.000000, 81.073, -147.7906
4680.000000, 81.346, -142.0390
4750.000000, 81.845, -135.8989
4820.000000, 82.501, -130.6991
4870.000000, 83.038, -127.6919
4940.000000, 83.846, -124.5752
5000.000000, 84.555, -122.9373
5080.000000, 85.466, -122.1558
5150.000000, 86.188, -122.5986
5220.000000, 86.809, -123.8263
5300.000000, 87.388, -125.8260
5380.000000, 87.838, -128.1465
5450.000000, 88.145, -130.3092
5520.000000, 88.376, -132.5583
5600.000000, 88.544, -135.1875
5700.000000, 88.594, -138.3660
5800.000000, 88.482, -141.0733
5900.000000, 88.244, -142.9825
6000.000000, 87.950, -143.9422
6080.000000, 87.717, -144.0313
6150.000000, 87.539, -143.6658
6220.000000, 87.401, -142.9481
6300.000000, 87.305, -141.7978
6400.000000, 87.290, -140.0505
6500.000000, 87.392, -138.1567
6600.000000, 87.610, -136.2886
6700.000000, 87.942, -134.6010
6800.000000, 88.387, -133.2682
6900.000000, 88.933, -132.4789
7000.000000, 89.571, -132.2943
7100.000000, 90.330, -132.7815
7200.000000, 91.234, -134.5078
7300.000000, 92.206, -138.1854
7400.000000, 93.110, -144.1462
7500.000000, 93.780, -152.2418
7620.000000, 94.074, -163.6633
7750.000000, 93.657, -175.8160
7880.000000, 92.611, 174.4781
8000.000000, 91.377, 168.3315
8120.000000, 90.102, 164.4256
8250.000000, 88.815, 161.7816
8380.000000, 87.678, 159.9024
8500.000000, 86.721, 158.3361
8620.000000, 85.787, 156.7772
8750.000000, 84.733, 155.2594
8850.000000, 83.864, 154.4664
9000.000000, 82.468, 154.4276
9120.000000, 81.316, 155.7000
9250.000000, 80.117, 158.2743
9380.000000, 79.002, 161.6972
9500.000000, 78.054, 165.4971
9620.000000, 77.210, 169.8129
9750.000000, 76.428, 174.8751
9880.000000, 75.784, -179.8844
10000.000000, 75.303, -175.0443
10150.000000, 74.839, -169.0866
10300.000000, 74.515, -163.2994
10440.000000, 74.335, -158.1497
10600.000000, 74.260, -152.6541
10750.000000, 74.305, -147.9401
10900.000000, 74.452, -143.6936
11060.000000, 74.713, -139.7475
11200.000000, 75.019, -136.8676
11380.000000, 75.489, -134.0848
11500.000000, 75.822, -132.8708
11720.000000, 76.368, -131.6128
11800.000000, 76.540, -131.1038
12060.000000, 77.363, -128.2535
12200.000000, 78.089, -127.6365
12410.000000, 79.204, -129.9219
12500.000000, 79.601, -131.7337
12650.000000, 80.132, -135.2330
12800.000000, 80.512, -138.9263
13150.000000, 80.838, -146.7057
13200.000000, 80.810, -147.6227
13400.000000, 80.505, -150.8092
13600.000000, 79.983, -153.5764
13800.000000, 79.323, -156.6413
14000.000000, 78.980, -161.0314
14300.000000, 79.673, -172.7837
14500.000000, 80.283, 174.8705
14750.000000, 80.421, 156.3548
15000.000000, 79.808, 139.9510
15250.000000, 79.401, 126.9319
15500.000000, 79.118, 111.2085
15750.000000, 77.520, 94.3134
16000.000000, 74.812, 84.2038
16250.000000, 72.293, 81.9746
16500.000000, 70.617, 84.1358
16750.000000, 69.770, 87.9880
17000.000000, 69.484, 92.2449
17250.000000, 69.548, 96.1872
17500.000000, 69.831, 99.2529
17750.000000, 70.199, 101.1369
18000.000000, 70.570, 102.7331
18250.000000, 71.458, 107.0357
18500.000000, 73.731, 109.6981
18750.000000, 75.722, 99.1314
19000.000000, 76.231, 83.4279
19250.000000, 75.801, 70.3327
19500.000000, 74.975, 60.9870
19750.000000, 73.907, 54.5683
20000.000000, 72.552, 50.4114
20300.000000, 70.425, 48.4302
20600.000000, 67.727, 50.2184
20900.000000, 64.564, 55.5186
21200.000000, 61.047, 62.2221
21400.000000, 58.480, 65.7970
21800.000000, 52.436, 68.3700
22000.000000, 48.769, 67.6820
22400.000000, 39.965, 64.4254
22700.000000, 32.267, 61.7717
23000.000000, 24.660, 60.9730
23300.000000, 20.381, 58.6143
23600.000000, 21.179, 115.5868
24000.000000, 24.125, 175.9559
